1	I	0	2162
2	 P	40	845
3	 P	80	202
4	 P	120	243
5	 P	160	198
6	 P	200	474
7	 P	240	182
8	 P	280	167
9	 P	320	125
10	 P	360	710
11	 P	400	134
12	 P	440	220
13	 P	480	183
14	 P	520	1292
15	 P	560	267
16	 P	600	320
17	 P	640	173
18	 P	680	1061
19	 P	720	241
20	 P	760	217
21	 P	800	134
22	 P	840	1194
23	 P	880	188
24	 P	920	226
25	 P	960	228
26	 P	1000	1121
27	 P	1040	213
28	 P	1080	145
29	 P	1120	107
30	 P	1160	339
31	 P	1200	161
32	 P	1240	183
33	 P	1280	4275
34	 P	1320	1427
35	 P	1360	301
36	 P	1400	429
37	 P	1440	255
38	 P	1480	837
39	 P	1520	273
40	 P	1560	268
41	 P	1600	178
42	 P	1640	990
43	 P	1680	231
44	 P	1720	301
45	 P	1760	222
46	 P	1800	1210
47	 P	1840	223
48	 P	1880	359
49	 P	1920	327
50	 P	1960	1198
51	 P	2000	331
52	 P	2040	310
53	 P	2080	194
54	 P	2120	1457
55	 P	2160	313
56	 P	2200	414
57	 P	2240	279
58	 P	2280	1221
59	 P	2320	287
60	 P	2360	373
61	 P	2400	252
62	 P	2440	459
63	 P	2480	257
64	 P	2520	319
65	 P	2560	5717
66	 P	2600	1305
67	 P	2640	300
68	 P	2680	454
69	 P	2720	293
70	 P	2760	1179
71	 P	2800	324
72	 P	2840	470
73	 P	2880	360
74	 P	2920	911
75	 P	2960	287
76	 P	3000	404
77	 P	3040	337
78	 P	3080	1028
79	 P	3120	351
80	 P	3160	475
81	 P	3200	358
82	 P	3240	1400
83	 P	3280	402
84	 P	3320	457
85	 P	3360	325
86	 P	3400	1459
87	 P	3440	387
88	 P	3480	451
89	 P	3520	278
90	 P	3560	1229
91	 P	3600	458
92	 P	3640	542
93	 P	3680	558
94	 P	3720	870
95	 P	3760	520
96	 P	3800	379
97	 P	3840	6336
98	 P	3880	893
99	 P	3920	240
100	 P	3960	259
101	 P	4000	161
102	 P	4040	694
103	 P	4080	193
104	 P	4120	250
105	 P	4160	186
106	 P	4200	540
107	 P	4240	165
108	 P	4280	193
109	 P	4320	166
110	 P	4360	554
111	 P	4400	220
112	 P	4440	221
113	 P	4480	178
114	 P	4520	652
115	 P	4560	156
116	 P	4600	206
117	 P	4640	169
118	 P	4680	767
119	 P	4720	154
120	 P	4760	221
121	 P	4800	187
122	 P	4840	1156
123	 P	4880	201
124	 P	4920	313
125	 P	4960	243
126	 P	5000	742
127	 P	5040	293
128	 P	5080	322
129	 P	5120	5876
130	 P	5160	1445
131	 P	5200	301
132	 P	5240	442
133	 P	5280	282
134	 P	5320	1005
135	 P	5360	305
136	 P	5400	359
137	 P	5440	300
138	 P	5480	1328
139	 P	5520	354
140	 P	5560	524
141	 P	5600	363
142	 P	5640	1344
143	 P	5680	402
144	 P	5720	655
145	 P	5760	514
146	 P	5800	1281
147	 P	5840	404
148	 P	5880	435
149	 P	5920	378
150	 P	5960	1286
151	 P	6000	273
152	 P	6040	394
153	 P	6080	402
154	 P	6120	2076
155	 P	6160	719
156	 P	6200	971
157	 P	6240	820
158	 P	6280	877
159	 P	6320	517
160	 P	6360	211
161	 P	6400	5777
162	 P	6440	814
163	 P	6480	206
164	 P	6520	301
165	 P	6560	230
166	 P	6600	554
167	 P	6640	201
168	 P	6680	234
169	 P	6720	254
170	 P	6760	1579
171	 P	6800	316
172	 P	6840	585
173	 P	6880	534
174	 P	6920	2009
175	 P	6960	546
176	 P	7000	574
177	 P	7040	394
178	 P	7080	1587
179	 P	7120	497
180	 P	7160	495
181	 P	7200	356
182	 P	7240	1771
183	 P	7280	438
184	 P	7320	589
185	 P	7360	482
186	 P	7400	1616
187	 P	7440	524
188	 P	7480	668
189	 P	7520	587
190	 P	7560	1073
191	 P	7600	500
192	 P	7640	549
193	 P	7680	3595
194	 P	7720	1685
195	 P	7760	371
196	 P	7800	513
197	 P	7840	345
198	 P	7880	1071
199	 P	7920	428
200	 P	7960	499
201	 P	8000	499
202	 P	8040	1614
203	 P	8080	440
204	 P	8120	543
205	 P	8160	371
206	 P	8200	1801
207	 P	8240	416
208	 P	8280	448
209	 P	8320	277
210	 P	8360	1876
211	 P	8400	340
212	 P	8440	327
213	 P	8480	262
214	 P	8520	2298
215	 P	8560	318
216	 P	8600	309
217	 P	8640	235
218	 P	8680	2417
219	 P	8720	283
220	 P	8760	237
221	 P	8800	155
222	 P	8840	318
223	 P	8880	156
224	 P	8920	199
225	 P	8960	7850
226	 P	9000	722
227	 P	9040	151
228	 P	9080	192
229	 P	9120	206
230	 P	9160	690
231	 P	9200	167
232	 P	9240	176
233	 P	9280	68
234	 P	9320	494
235	 P	9360	108
236	 P	9400	131
237	 P	9440	100
238	 P	9480	862
239	 P	9520	90
240	 P	9560	197
241	 P	9600	136
242	 P	9640	981
243	 P	9680	178
244	 P	9720	135
245	 P	9760	82
246	 P	9800	850
247	 P	9840	127
248	 P	9880	149
249	 P	9920	82
250	 P	9960	676
251	 P	10000	125
252	 P	10040	144
253	 P	10080	90
254	 P	10120	89
255	 P	10160	123
256	 P	10200	121
257	 P	10240	10446
258	 P	10280	228
259	 P	10320	98
260	 P	10360	90
261	 P	10400	103
262	 P	10440	295
263	 P	10480	118
264	 P	10520	120
265	 P	10560	110
266	 P	10600	482
267	 P	10640	111
268	 P	10680	128
269	 P	10720	117
270	 P	10760	333
271	 P	10800	112
272	 P	10840	114
273	 P	10880	122
274	 P	10920	391
275	 P	10960	118
276	 P	11000	135
277	 P	11040	109
278	 P	11080	426
279	 P	11120	108
280	 P	11160	127
281	 P	11200	72
282	 P	11240	378
283	 P	11280	103
284	 P	11320	142
285	 P	11360	138
286	 P	11400	124
287	 P	11440	96
288	 P	11480	115
289	 P	11520	9455
290	 P	11560	267
291	 P	11600	90
292	 P	11640	96
293	 P	11680	107
294	 P	11720	244
295	 P	11760	73
296	 P	11800	138
297	 P	11840	119
298	 P	11880	155
299	 P	11920	92
300	 P	11960	104
301	 P	12000	4496
302	 P	12040	1085
303	 P	12080	245
304	 P	12120	362
305	 P	12160	290
306	 P	12200	993
307	 P	12240	296
308	 P	12280	354
309	 P	12320	230
310	 P	12360	1016
311	 P	12400	280
312	 P	12440	370
313	 P	12480	319
314	 P	12520	1499
315	 P	12560	369
316	 P	12600	423
317	 P	12640	265
318	 P	12680	449
319	 P	12720	223
320	 P	12760	214
321	 P	12800	5342
322	 P	12840	908
323	 P	12880	152
324	 P	12920	257
325	 P	12960	212
326	 P	13000	744
327	 P	13040	206
328	 P	13080	191
329	 P	13120	151
330	 P	13160	704
331	 P	13200	142
332	 P	13240	203
333	 P	13280	199
334	 P	13320	1095
335	 P	13360	223
336	 P	13400	311
337	 P	13440	218
338	 P	13480	901
339	 P	13520	240
340	 P	13560	252
341	 P	13600	161
342	 P	13640	880
343	 P	13680	242
344	 P	13720	258
345	 P	13760	206
346	 P	13800	1038
347	 P	13840	224
348	 P	13880	301
349	 P	13920	305
350	 P	13960	554
351	 P	14000	259
352	 P	14040	249
353	 P	14080	5186
354	 P	14120	1170
355	 P	14160	232
356	 P	14200	339
357	 P	14240	265
358	 P	14280	859
359	 P	14320	261
360	 P	14360	345
361	 P	14400	252
362	 P	14440	713
363	 P	14480	237
364	 P	14520	293
365	 P	14560	242
366	 P	14600	1017
367	 P	14640	275
368	 P	14680	348
369	 P	14720	196
370	 P	14760	1123
371	 P	14800	269
372	 P	14840	403
373	 P	14880	295
374	 P	14920	806
375	 P	14960	263
376	 P	15000	374
377	 P	15040	335
378	 P	15080	939
379	 P	15120	309
380	 P	15160	440
381	 P	15200	304
382	 P	15240	680
383	 P	15280	310
384	 P	15320	292
385	 P	15360	5275
386	 P	15400	1195
387	 P	15440	326
388	 P	15480	385
389	 P	15520	256
390	 P	15560	1144
391	 P	15600	402
392	 P	15640	491
393	 P	15680	453
394	 P	15720	1539
395	 P	15760	499
396	 P	15800	394
397	 P	15840	226
398	 P	15880	920
399	 P	15920	240
400	 P	15960	230
401	 P	16000	145
402	 P	16040	823
403	 P	16080	204
404	 P	16120	237
405	 P	16160	194
406	 P	16200	569
407	 P	16240	175
408	 P	16280	190
409	 P	16320	169
410	 P	16360	630
411	 P	16400	208
412	 P	16440	221
413	 P	16480	177
414	 P	16520	237
415	 P	16560	162
416	 P	16600	167
417	 P	16640	5369
418	 P	16680	686
419	 P	16720	135
420	 P	16760	214
421	 P	16800	175
422	 P	16840	874
423	 P	16880	204
424	 P	16920	296
425	 P	16960	221
426	 P	17000	1358
427	 P	17040	288
428	 P	17080	418
429	 P	17120	250
430	 P	17160	1411
431	 P	17200	311
432	 P	17240	356
433	 P	17280	250
434	 P	17320	1017
435	 P	17360	300
436	 P	17400	334
437	 P	17440	236
438	 P	17480	1209
439	 P	17520	345
440	 P	17560	527
441	 P	17600	421
442	 P	17640	1200
443	 P	17680	400
444	 P	17720	607
445	 P	17760	428
446	 P	17800	716
447	 P	17840	379
448	 P	17880	345
449	 P	17920	4211
450	 P	17960	1173
451	 P	18000	265
452	 P	18040	349
453	 P	18080	345
454	 P	18120	1913
455	 P	18160	677
456	 P	18200	934
457	 P	18240	780
458	 P	18280	1677
459	 P	18320	530
460	 P	18360	313
461	 P	18400	174
462	 P	18440	908
463	 P	18480	240
464	 P	18520	293
465	 P	18560	200
466	 P	18600	658
467	 P	18640	147
468	 P	18680	248
469	 P	18720	212
470	 P	18760	1656
471	 P	18800	295
472	 P	18840	536
473	 P	18880	544
474	 P	18920	2061
475	 P	18960	540
476	 P	19000	556
477	 P	19040	415
478	 P	19080	975
479	 P	19120	491
480	 P	19160	427
481	 P	19200	3883
482	 P	19240	1490
483	 P	19280	344
484	 P	19320	556
485	 P	19360	531
486	 P	19400	1653
487	 P	19440	479
488	 P	19480	728
489	 P	19520	545
490	 P	19560	2018
491	 P	19600	502
492	 P	19640	608
493	 P	19680	479
494	 P	19720	1884
495	 P	19760	391
496	 P	19800	603
497	 P	19840	384
498	 P	19880	1118
499	 P	19920	430
500	 P	19960	504
501	 P	20000	499
502	 P	20040	1700
503	 P	20080	517
504	 P	20120	524
505	 P	20160	441
506	 P	20200	1837
507	 P	20240	442
508	 P	20280	479
509	 P	20320	327
510	 P	20360	624
511	 P	20400	371
512	 P	20440	330
513	 P	20480	5285
514	 P	20520	2043
515	 P	20560	286
516	 P	20600	313
517	 P	20640	306
518	 P	20680	2005
519	 P	20720	288
520	 P	20760	266
521	 P	20800	186
522	 P	20840	983
523	 P	20880	206
524	 P	20920	212
525	 P	20960	177
526	 P	21000	1326
527	 P	21040	227
528	 P	21080	221
529	 P	21120	173
530	 P	21160	1708
531	 P	21200	134
532	 P	21240	113
533	 P	21280	57
534	 P	21320	878
535	 P	21360	124
536	 P	21400	166
537	 P	21440	124
538	 P	21480	1251
539	 P	21520	161
540	 P	21560	205
541	 P	21600	123
542	 P	21640	228
543	 P	21680	126
544	 P	21720	133
545	 P	21760	10778
546	 P	21800	432
547	 P	21840	91
548	 P	21880	159
549	 P	21920	120
550	 P	21960	310
551	 P	22000	148
552	 P	22040	166
553	 P	22080	113
554	 P	22120	304
555	 P	22160	96
556	 P	22200	106
557	 P	22240	126
558	 P	22280	342
559	 P	22320	119
560	 P	22360	117
561	 P	22400	97
562	 P	22440	401
563	 P	22480	133
564	 P	22520	119
565	 P	22560	39
566	 P	22600	594
567	 P	22640	113
568	 P	22680	132
569	 P	22720	128
570	 P	22760	540
571	 P	22800	119
572	 P	22840	159
573	 P	22880	115
574	 P	22920	133
575	 P	22960	116
576	 P	23000	124
577	 P	23040	10912
578	 P	23080	207
579	 P	23120	53
580	 P	23160	90
581	 P	23200	102
582	 P	23240	231
583	 P	23280	79
584	 P	23320	80
585	 P	23360	99
586	 P	23400	353
587	 P	23440	119
588	 P	23480	164
589	 P	23520	143
590	 P	23560	338
591	 P	23600	120
592	 P	23640	121
593	 P	23680	142
594	 P	23720	223
595	 P	23760	71
596	 P	23800	125
597	 P	23840	121
598	 P	23880	158
599	 P	23920	129
600	 P	23960	120
601	 P	24000	4578
602	 P	24040	1080
603	 P	24080	240
604	 P	24120	362
605	 P	24160	272
606	 P	24200	1012
607	 P	24240	303
608	 P	24280	365
609	 P	24320	231
610	 P	24360	1054
611	 P	24400	284
612	 P	24440	402
613	 P	24480	302
614	 P	24520	1454
615	 P	24560	355
616	 P	24600	439
617	 P	24640	280
618	 P	24680	1124
619	 P	24720	298
620	 P	24760	244
621	 P	24800	186
622	 P	24840	1098
623	 P	24880	176
624	 P	24920	247
625	 P	24960	212
626	 P	25000	800
627	 P	25040	235
628	 P	25080	176
629	 P	25120	119
630	 P	25160	313
631	 P	25200	154
632	 P	25240	192
633	 P	25280	5358
634	 P	25320	936
635	 P	25360	239
636	 P	25400	300
637	 P	25440	201
638	 P	25480	898
639	 P	25520	246
640	 P	25560	250
641	 P	25600	143
642	 P	25640	879
643	 P	25680	237
644	 P	25720	274
645	 P	25760	221
646	 P	25800	1019
647	 P	25840	209
648	 P	25880	335
649	 P	25920	326
650	 P	25960	1037
651	 P	26000	276
652	 P	26040	266
653	 P	26080	166
654	 P	26120	1188
655	 P	26160	277
656	 P	26200	352
657	 P	26240	260
658	 P	26280	976
659	 P	26320	241
660	 P	26360	314
661	 P	26400	215
662	 P	26440	404
663	 P	26480	215
664	 P	26520	249
665	 P	26560	5233
666	 P	26600	1003
667	 P	26640	212
668	 P	26680	374
669	 P	26720	243
670	 P	26760	1132
671	 P	26800	248
672	 P	26840	404
673	 P	26880	283
674	 P	26920	858
675	 P	26960	260
676	 P	27000	356
677	 P	27040	311
678	 P	27080	997
679	 P	27120	326
680	 P	27160	441
681	 P	27200	294
682	 P	27240	1269
683	 P	27280	345
684	 P	27320	418
685	 P	27360	293
686	 P	27400	1256
687	 P	27440	379
688	 P	27480	416
689	 P	27520	267
690	 P	27560	1132
691	 P	27600	388
692	 P	27640	506
693	 P	27680	517
694	 P	27720	794
695	 P	27760	451
696	 P	27800	348
697	 P	27840	5700
698	 P	27880	825
699	 P	27920	216
700	 P	27960	220
701	 P	28000	173
702	 P	28040	702
703	 P	28080	190
704	 P	28120	215
705	 P	28160	183
706	 P	28200	534
707	 P	28240	178
708	 P	28280	192
709	 P	28320	161
710	 P	28360	551
711	 P	28400	162
712	 P	28440	225
713	 P	28480	173
714	 P	28520	605
715	 P	28560	167
716	 P	28600	189
717	 P	28640	161
718	 P	28680	694
719	 P	28720	146
720	 P	28760	221
721	 P	28800	168
722	 P	28840	979
723	 P	28880	199
724	 P	28920	275
725	 P	28960	225
726	 P	29000	676
727	 P	29040	256
728	 P	29080	267
729	 P	29120	5475
730	 P	29160	1252
731	 P	29200	277
732	 P	29240	349
733	 P	29280	231
734	 P	29320	965
735	 P	29360	282
736	 P	29400	335
737	 P	29440	272
738	 P	29480	1211
739	 P	29520	329
740	 P	29560	538
741	 P	29600	374
742	 P	29640	1206
743	 P	29680	414
744	 P	29720	604
745	 P	29760	486
746	 P	29800	1226
747	 P	29840	390
748	 P	29880	437
749	 P	29920	335
750	 P	29960	1179
751	 P	30000	282
752	 P	30040	387
753	 P	30080	408
754	 P	30120	1886
755	 P	30160	710
756	 P	30200	909
757	 P	30240	737
758	 P	30280	867
759	 P	30320	507
760	 P	30360	242
761	 P	30400	5212
762	 P	30440	781
763	 P	30480	218
764	 P	30520	271
765	 P	30560	207
766	 P	30600	608
767	 P	30640	169
768	 P	30680	215
769	 P	30720	233
770	 P	30760	1562
771	 P	30800	303
772	 P	30840	561
773	 P	30880	512
774	 P	30920	2013
775	 P	30960	549
776	 P	31000	549
777	 P	31040	367
778	 P	31080	1590
779	 P	31120	449
780	 P	31160	516
781	 P	31200	344
782	 P	31240	1767
783	 P	31280	429
784	 P	31320	595
785	 P	31360	484
786	 P	31400	1627
787	 P	31440	538
788	 P	31480	714
789	 P	31520	573
790	 P	31560	1144
791	 P	31600	535
792	 P	31640	513
793	 P	31680	3511
794	 P	31720	1706
795	 P	31760	391
796	 P	31800	529
797	 P	31840	382
798	 P	31880	1112
799	 P	31920	435
800	 P	31960	540
801	 P	32000	493
802	 P	32040	1643
803	 P	32080	464
804	 P	32120	543
805	 P	32160	428
806	 P	32200	1904
807	 P	32240	470
808	 P	32280	481
809	 P	32320	311
810	 P	32360	2099
811	 P	32400	353
812	 P	32440	339
813	 P	32480	242
814	 P	32520	2505
815	 P	32560	366
816	 P	32600	342
817	 P	32640	266
818	 P	32680	2595
819	 P	32720	297
820	 P	32760	283
821	 P	32800	160
822	 P	32840	363
823	 P	32880	183
824	 P	32920	190
825	 P	32960	8345
826	 P	33000	791
827	 P	33040	147
828	 P	33080	216
829	 P	33120	215
830	 P	33160	883
831	 P	33200	152
832	 P	33240	156
833	 P	33280	63
834	 P	33320	579
835	 P	33360	77
836	 P	33400	148
837	 P	33440	148
838	 P	33480	1024
839	 P	33520	93
840	 P	33560	211
841	 P	33600	172
842	 P	33640	1175
843	 P	33680	170
844	 P	33720	165
845	 P	33760	75
846	 P	33800	902
847	 P	33840	133
848	 P	33880	159
849	 P	33920	131
850	 P	33960	690
851	 P	34000	130
852	 P	34040	131
853	 P	34080	73
854	 P	34120	91
855	 P	34160	105
856	 P	34200	116
857	 P	34240	11356
858	 P	34280	211
859	 P	34320	84
860	 P	34360	83
861	 P	34400	88
862	 P	34440	356
863	 P	34480	114
864	 P	34520	119
865	 P	34560	130
866	 P	34600	511
867	 P	34640	108
868	 P	34680	147
869	 P	34720	124
870	 P	34760	316
871	 P	34800	116
872	 P	34840	125
873	 P	34880	133
874	 P	34920	395
875	 P	34960	125
876	 P	35000	143
877	 P	35040	105
878	 P	35080	349
879	 P	35120	91
880	 P	35160	115
881	 P	35200	108
882	 P	35240	358
883	 P	35280	99
884	 P	35320	137
885	 P	35360	139
886	 P	35400	125
887	 P	35440	105
888	 P	35480	135
889	 P	35520	9817
890	 P	35560	245
891	 P	35600	99
892	 P	35640	104
893	 P	35680	109
894	 P	35720	218
895	 P	35760	59
896	 P	35800	133
897	 P	35840	126
898	 P	35880	141
899	 P	35920	106
900	 P	35960	112
901	 P	36000	4579
902	 P	36040	1057
903	 P	36080	233
904	 P	36120	360
905	 P	36160	276
906	 P	36200	964
907	 P	36240	287
908	 P	36280	336
909	 P	36320	228
910	 P	36360	1071
911	 P	36400	292
912	 P	36440	400
913	 P	36480	330
914	 P	36520	1428
915	 P	36560	362
916	 P	36600	436
917	 P	36640	244
918	 P	36680	450
919	 P	36720	247
920	 P	36760	211
921	 P	36800	5458
922	 P	36840	861
923	 P	36880	140
924	 P	36920	248
925	 P	36960	176
926	 P	37000	709
927	 P	37040	200
928	 P	37080	161
929	 P	37120	127
930	 P	37160	702
931	 P	37200	137
932	 P	37240	206
933	 P	37280	214
934	 P	37320	1000
935	 P	37360	209
936	 P	37400	297
937	 P	37440	207
938	 P	37480	898
939	 P	37520	247
940	 P	37560	266
941	 P	37600	168
942	 P	37640	908
943	 P	37680	230
944	 P	37720	288
945	 P	37760	203
946	 P	37800	936
947	 P	37840	186
948	 P	37880	324
949	 P	37920	306
950	 P	37960	536
951	 P	38000	281
952	 P	38040	233
953	 P	38080	5171
954	 P	38120	1148
955	 P	38160	234
956	 P	38200	339
957	 P	38240	255
958	 P	38280	898
959	 P	38320	247
960	 P	38360	308
961	 P	38400	230
962	 P	38440	703
963	 P	38480	270
964	 P	38520	321
965	 P	38560	238
966	 P	38600	1011
967	 P	38640	289
968	 P	38680	365
969	 P	38720	195
970	 P	38760	1093
971	 P	38800	266
972	 P	38840	393
973	 P	38880	289
974	 P	38920	828
975	 P	38960	268
976	 P	39000	360
977	 P	39040	309
978	 P	39080	994
979	 P	39120	333
980	 P	39160	411
981	 P	39200	327
982	 P	39240	640
983	 P	39280	324
984	 P	39320	280
985	 P	39360	5143
986	 P	39400	1162
987	 P	39440	310
988	 P	39480	388
989	 P	39520	239
990	 P	39560	1102
991	 P	39600	389
992	 P	39640	463
993	 P	39680	462
994	 P	39720	1565
995	 P	39760	486
996	 P	39800	409
997	 P	39840	215
998	 P	39880	933
999	 P	39920	225
1000	 P	39960	227
1001	 P	40000	153
1002	 P	40040	745
1003	 P	40080	183
1004	 P	40120	229
1005	 P	40160	136
1006	 P	40200	526
1007	 P	40240	145
1008	 P	40280	207
1009	 P	40320	170
1010	 P	40360	584
1011	 P	40400	185
1012	 P	40440	203
1013	 P	40480	191
1014	 P	40520	223
1015	 P	40560	134
1016	 P	40600	153
1017	 P	40640	5258
1018	 P	40680	667
1019	 P	40720	110
1020	 P	40760	187
1021	 P	40800	171
1022	 P	40840	883
1023	 P	40880	193
1024	 P	40920	286
1025	 P	40960	205
1026	 P	41000	1305
1027	 P	41040	286
1028	 P	41080	335
1029	 P	41120	262
1030	 P	41160	1294
1031	 P	41200	267
1032	 P	41240	344
1033	 P	41280	223
1034	 P	41320	955
1035	 P	41360	292
1036	 P	41400	332
1037	 P	41440	220
1038	 P	41480	1162
1039	 P	41520	348
1040	 P	41560	503
1041	 P	41600	404
1042	 P	41640	1176
1043	 P	41680	389
1044	 P	41720	586
1045	 P	41760	449
1046	 P	41800	671
1047	 P	41840	361
1048	 P	41880	362
1049	 P	41920	4031
1050	 P	41960	1136
1051	 P	42000	256
1052	 P	42040	327
1053	 P	42080	364
1054	 P	42120	1918
1055	 P	42160	681
1056	 P	42200	900
1057	 P	42240	738
1058	 P	42280	1656
1059	 P	42320	505
1060	 P	42360	290
1061	 P	42400	180
1062	 P	42440	900
1063	 P	42480	231
1064	 P	42520	262
1065	 P	42560	213
1066	 P	42600	649
1067	 P	42640	165
1068	 P	42680	232
1069	 P	42720	221
1070	 P	42760	1584
1071	 P	42800	311
1072	 P	42840	572
1073	 P	42880	481
1074	 P	42920	1982
1075	 P	42960	519
1076	 P	43000	568
1077	 P	43040	392
1078	 P	43080	930
1079	 P	43120	459
1080	 P	43160	389
1081	 P	43200	3828
1082	 P	43240	1502
1083	 P	43280	316
1084	 P	43320	538
1085	 P	43360	513
1086	 P	43400	1622
1087	 P	43440	524
1088	 P	43480	725
1089	 P	43520	602
1090	 P	43560	1982
1091	 P	43600	510
1092	 P	43640	593
1093	 P	43680	467
1094	 P	43720	1836
1095	 P	43760	424
1096	 P	43800	562
1097	 P	43840	413
1098	 P	43880	1131
1099	 P	43920	385
1100	 P	43960	535
1101	 P	44000	483
1102	 P	44040	1677
1103	 P	44080	477
1104	 P	44120	577
1105	 P	44160	450
1106	 P	44200	1914
1107	 P	44240	491
1108	 P	44280	476
1109	 P	44320	307
1110	 P	44360	591
1111	 P	44400	354
1112	 P	44440	355
1113	 P	44480	5327
1114	 P	44520	2012
1115	 P	44560	281
1116	 P	44600	328
1117	 P	44640	317
1118	 P	44680	2060
1119	 P	44720	279
1120	 P	44760	270
1121	 P	44800	193
1122	 P	44840	1049
1123	 P	44880	221
1124	 P	44920	214
1125	 P	44960	133
1126	 P	45000	1307
1127	 P	45040	231
1128	 P	45080	214
1129	 P	45120	174
1130	 P	45160	1661
1131	 P	45200	148
1132	 P	45240	122
1133	 P	45280	61
1134	 P	45320	925
1135	 P	45360	131
1136	 P	45400	157
1137	 P	45440	151
1138	 P	45480	1293
1139	 P	45520	180
1140	 P	45560	168
1141	 P	45600	116
1142	 P	45640	231
1143	 P	45680	113
1144	 P	45720	178
1145	 P	45760	11062
1146	 P	45800	420
1147	 P	45840	128
1148	 P	45880	145
1149	 P	45920	135
1150	 P	45960	298
1151	 P	46000	156
1152	 P	46040	160
1153	 P	46080	152
1154	 P	46120	359
1155	 P	46160	110
1156	 P	46200	136
1157	 P	46240	147
1158	 P	46280	419
1159	 P	46320	117
1160	 P	46360	136
1161	 P	46400	130
1162	 P	46440	427
1163	 P	46480	152
1164	 P	46520	118
1165	 P	46560	86
1166	 P	46600	510
1167	 P	46640	90
1168	 P	46680	134
1169	 P	46720	117
1170	 P	46760	490
1171	 P	46800	126
1172	 P	46840	143
1173	 P	46880	120
1174	 P	46920	126
1175	 P	46960	101
1176	 P	47000	127
1177	 P	47040	10979
1178	 P	47080	205
1179	 P	47120	55
1180	 P	47160	82
1181	 P	47200	94
1182	 P	47240	232
1183	 P	47280	74
1184	 P	47320	114
1185	 P	47360	104
1186	 P	47400	371
1187	 P	47440	140
1188	 P	47480	153
1189	 P	47520	136
1190	 P	47560	273
1191	 P	47600	127
1192	 P	47640	127
1193	 P	47680	146
1194	 P	47720	244
1195	 P	47760	83
1196	 P	47800	121
1197	 P	47840	125
1198	 P	47880	140
1199	 P	47920	102
1200	 P	47960	122
1201	 P	48000	4561
1202	 P	48040	1086
1203	 P	48080	240
1204	 P	48120	381
1205	 P	48160	279
1206	 P	48200	1008
1207	 P	48240	278
1208	 P	48280	346
1209	 P	48320	221
1210	 P	48360	1093
1211	 P	48400	272
1212	 P	48440	415
1213	 P	48480	336
1214	 P	48520	1486
1215	 P	48560	368
1216	 P	48600	445
1217	 P	48640	254
1218	 P	48680	1106
1219	 P	48720	253
1220	 P	48760	245
1221	 P	48800	169
1222	 P	48840	1071
1223	 P	48880	180
1224	 P	48920	270
1225	 P	48960	213
1226	 P	49000	842
1227	 P	49040	199
1228	 P	49080	177
1229	 P	49120	118
1230	 P	49160	309
1231	 P	49200	133
1232	 P	49240	202
1233	 P	49280	5221
1234	 P	49320	958
1235	 P	49360	206
1236	 P	49400	301
1237	 P	49440	186
1238	 P	49480	891
1239	 P	49520	231
1240	 P	49560	256
1241	 P	49600	161
1242	 P	49640	890
1243	 P	49680	231
1244	 P	49720	276
1245	 P	49760	195
1246	 P	49800	982
1247	 P	49840	224
1248	 P	49880	323
1249	 P	49920	306
1250	 P	49960	1004
1251	 P	50000	297
1252	 P	50040	289
1253	 P	50080	190
1254	 P	50120	1215
1255	 P	50160	285
1256	 P	50200	373
1257	 P	50240	286
1258	 P	50280	891
1259	 P	50320	249
1260	 P	50360	305
1261	 P	50400	218
1262	 P	50440	379
1263	 P	50480	226
1264	 P	50520	247
1265	 P	50560	5151
1266	 P	50600	991
1267	 P	50640	234
1268	 P	50680	351
1269	 P	50720	219
1270	 P	50760	1113
1271	 P	50800	270
1272	 P	50840	450
1273	 P	50880	303
1274	 P	50920	789
1275	 P	50960	274
1276	 P	51000	386
1277	 P	51040	308
1278	 P	51080	973
1279	 P	51120	327
1280	 P	51160	417
1281	 P	51200	286
1282	 P	51240	1220
1283	 P	51280	349
1284	 P	51320	431
1285	 P	51360	302
1286	 P	51400	1236
1287	 P	51440	360
1288	 P	51480	409
1289	 P	51520	268
1290	 P	51560	1095
1291	 P	51600	397
1292	 P	51640	461
1293	 P	51680	445
1294	 P	51720	828
1295	 P	51760	471
1296	 P	51800	347
1297	 P	51840	5662
1298	 P	51880	828
1299	 P	51920	233
1300	 P	51960	237
1301	 P	52000	163
1302	 P	52040	750
1303	 P	52080	207
1304	 P	52120	245
1305	 P	52160	166
1306	 P	52200	503
1307	 P	52240	173
1308	 P	52280	208
1309	 P	52320	185
1310	 P	52360	573
1311	 P	52400	212
1312	 P	52440	208
1313	 P	52480	166
1314	 P	52520	592
1315	 P	52560	162
1316	 P	52600	186
1317	 P	52640	165
1318	 P	52680	696
1319	 P	52720	118
1320	 P	52760	211
1321	 P	52800	172
1322	 P	52840	925
1323	 P	52880	187
1324	 P	52920	267
1325	 P	52960	216
1326	 P	53000	637
1327	 P	53040	236
1328	 P	53080	257
1329	 P	53120	5315
1330	 P	53160	1181
1331	 P	53200	249
1332	 P	53240	327
1333	 P	53280	206
1334	 P	53320	950
1335	 P	53360	267
1336	 P	53400	355
1337	 P	53440	257
1338	 P	53480	1148
1339	 P	53520	327
1340	 P	53560	469
1341	 P	53600	372
1342	 P	53640	1214
1343	 P	53680	437
1344	 P	53720	589
1345	 P	53760	443
1346	 P	53800	1182
1347	 P	53840	418
1348	 P	53880	431
1349	 P	53920	329
1350	 P	53960	1130
1351	 P	54000	293
1352	 P	54040	342
1353	 P	54080	374
1354	 P	54120	1835
1355	 P	54160	700
1356	 P	54200	909
1357	 P	54240	765
1358	 P	54280	810
1359	 P	54320	491
1360	 P	54360	249
1361	 P	54400	5077
1362	 P	54440	749
1363	 P	54480	209
1364	 P	54520	285
1365	 P	54560	226
1366	 P	54600	574
1367	 P	54640	175
1368	 P	54680	207
1369	 P	54720	228
1370	 P	54760	1519
1371	 P	54800	286
1372	 P	54840	566
1373	 P	54880	497
1374	 P	54920	1973
1375	 P	54960	546
1376	 P	55000	537
1377	 P	55040	376
1378	 P	55080	1558
1379	 P	55120	471
1380	 P	55160	496
1381	 P	55200	352
1382	 P	55240	1768
1383	 P	55280	415
1384	 P	55320	580
1385	 P	55360	512
1386	 P	55400	1630
1387	 P	55440	517
1388	 P	55480	719
1389	 P	55520	560
1390	 P	55560	1110
1391	 P	55600	518
1392	 P	55640	543
1393	 P	55680	3435
1394	 P	55720	1740
1395	 P	55760	388
1396	 P	55800	550
1397	 P	55840	368
1398	 P	55880	1131
1399	 P	55920	432
1400	 P	55960	518
1401	 P	56000	487
1402	 P	56040	1707
1403	 P	56080	504
1404	 P	56120	509
1405	 P	56160	411
1406	 P	56200	1872
1407	 P	56240	445
1408	 P	56280	436
1409	 P	56320	309
1410	 P	56360	2052
1411	 P	56400	360
1412	 P	56440	334
1413	 P	56480	257
1414	 P	56520	2554
1415	 P	56560	348
1416	 P	56600	379
1417	 P	56640	281
1418	 P	56680	2598
1419	 P	56720	317
1420	 P	56760	268
1421	 P	56800	177
1422	 P	56840	329
1423	 P	56880	191
1424	 P	56920	176
1425	 P	56960	8346
1426	 P	57000	790
1427	 P	57040	147
1428	 P	57080	224
1429	 P	57120	210
1430	 P	57160	870
1431	 P	57200	171
1432	 P	57240	166
1433	 P	57280	62
1434	 P	57320	606
1435	 P	57360	109
1436	 P	57400	139
1437	 P	57440	140
1438	 P	57480	1066
1439	 P	57520	142
1440	 P	57560	214
1441	 P	57600	167
1442	 P	57640	1174
1443	 P	57680	181
1444	 P	57720	165
1445	 P	57760	78
1446	 P	57800	834
1447	 P	57840	142
1448	 P	57880	152
1449	 P	57920	94
1450	 P	57960	659
1451	 P	58000	136
1452	 P	58040	146
1453	 P	58080	75
1454	 P	58120	97
1455	 P	58160	102
1456	 P	58200	121
1457	 P	58240	11433
1458	 P	58280	217
1459	 P	58320	83
1460	 P	58360	89
1461	 P	58400	76
1462	 P	58440	312
1463	 P	58480	104
1464	 P	58520	114
1465	 P	58560	127
1466	 P	58600	572
1467	 P	58640	135
1468	 P	58680	145
1469	 P	58720	129
1470	 P	58760	330
1471	 P	58800	102
1472	 P	58840	120
1473	 P	58880	106
1474	 P	58920	422
1475	 P	58960	125
1476	 P	59000	144
1477	 P	59040	102
1478	 P	59080	411
1479	 P	59120	102
1480	 P	59160	125
1481	 P	59200	126
1482	 P	59240	353
1483	 P	59280	113
1484	 P	59320	142
1485	 P	59360	139
1486	 P	59400	124
1487	 P	59440	124
1488	 P	59480	133
1489	 P	59520	9844
1490	 P	59560	233
1491	 P	59600	103
1492	 P	59640	104
1493	 P	59680	100
1494	 P	59720	227
1495	 P	59760	47
1496	 P	59800	126
1497	 P	59840	107
1498	 P	59880	165
1499	 P	59920	108
1500	 P	59960	118
1501	 P	60000	4575
1502	 P	60040	1051
1503	 P	60080	233
1504	 P	60120	357
1505	 P	60160	290
1506	 P	60200	982
1507	 P	60240	273
1508	 P	60280	353
1509	 P	60320	220
1510	 P	60360	1021
1511	 P	60400	259
1512	 P	60440	398
1513	 P	60480	321
1514	 P	60520	1442
1515	 P	60560	374
1516	 P	60600	439
1517	 P	60640	234
1518	 P	60680	433
1519	 P	60720	236
1520	 P	60760	200
1521	 P	60800	5434
1522	 P	60840	890
1523	 P	60880	150
1524	 P	60920	250
1525	 P	60960	199
1526	 P	61000	708
1527	 P	61040	214
1528	 P	61080	164
1529	 P	61120	127
1530	 P	61160	698
1531	 P	61200	136
1532	 P	61240	211
1533	 P	61280	217
1534	 P	61320	1008
1535	 P	61360	211
1536	 P	61400	283
1537	 P	61440	215
1538	 P	61480	869
1539	 P	61520	215
1540	 P	61560	259
1541	 P	61600	178
1542	 P	61640	832
1543	 P	61680	238
1544	 P	61720	280
1545	 P	61760	195
1546	 P	61800	942
1547	 P	61840	221
1548	 P	61880	321
1549	 P	61920	310
1550	 P	61960	500
1551	 P	62000	268
1552	 P	62040	231
1553	 P	62080	5170
1554	 P	62120	1127
1555	 P	62160	235
1556	 P	62200	317
1557	 P	62240	259
1558	 P	62280	883
1559	 P	62320	252
1560	 P	62360	326
1561	 P	62400	222
1562	 P	62440	716
1563	 P	62480	228
1564	 P	62520	331
1565	 P	62560	243
1566	 P	62600	992
1567	 P	62640	231
1568	 P	62680	358
1569	 P	62720	203
1570	 P	62760	1127
1571	 P	62800	233
1572	 P	62840	384
1573	 P	62880	291
1574	 P	62920	841
1575	 P	62960	258
1576	 P	63000	366
1577	 P	63040	323
1578	 P	63080	946
1579	 P	63120	349
1580	 P	63160	443
1581	 P	63200	302
1582	 P	63240	637
1583	 P	63280	306
1584	 P	63320	299
1585	 P	63360	5112
1586	 P	63400	1107
1587	 P	63440	314
1588	 P	63480	383
1589	 P	63520	218
1590	 P	63560	1115
1591	 P	63600	394
1592	 P	63640	448
1593	 P	63680	451
1594	 P	63720	1522
1595	 P	63760	484
1596	 P	63800	429
1597	 P	63840	219
1598	 P	63880	963
1599	 P	63920	227
1600	 P	63960	219
1601	 P	64000	147
1602	 P	64040	756
1603	 P	64080	184
1604	 P	64120	221
1605	 P	64160	158
1606	 P	64200	538
1607	 P	64240	161
1608	 P	64280	188
1609	 P	64320	164
1610	 P	64360	574
1611	 P	64400	171
1612	 P	64440	223
1613	 P	64480	175
1614	 P	64520	234
1615	 P	64560	152
1616	 P	64600	173
1617	 P	64640	5204
1618	 P	64680	616
1619	 P	64720	133
1620	 P	64760	192
1621	 P	64800	162
1622	 P	64840	886
1623	 P	64880	178
1624	 P	64920	277
1625	 P	64960	217
1626	 P	65000	1236
1627	 P	65040	279
1628	 P	65080	316
1629	 P	65120	230
1630	 P	65160	1304
1631	 P	65200	276
1632	 P	65240	345
1633	 P	65280	223
1634	 P	65320	956
1635	 P	65360	281
1636	 P	65400	315
1637	 P	65440	263
1638	 P	65480	1101
1639	 P	65520	348
1640	 P	65560	483
1641	 P	65600	347
1642	 P	65640	1171
1643	 P	65680	392
1644	 P	65720	563
1645	 P	65760	400
1646	 P	65800	675
1647	 P	65840	334
1648	 P	65880	361
1649	 P	65920	4005
1650	 P	65960	1134
1651	 P	66000	236
1652	 P	66040	339
1653	 P	66080	347
1654	 P	66120	1800
1655	 P	66160	666
1656	 P	66200	877
1657	 P	66240	738
1658	 P	66280	1674
1659	 P	66320	511
1660	 P	66360	288
1661	 P	66400	184
1662	 P	66440	918
1663	 P	66480	196
1664	 P	66520	279
1665	 P	66560	193
1666	 P	66600	634
1667	 P	66640	120
1668	 P	66680	218
1669	 P	66720	221
1670	 P	66760	1530
1671	 P	66800	294
1672	 P	66840	521
1673	 P	66880	492
1674	 P	66920	1937
1675	 P	66960	510
1676	 P	67000	601
1677	 P	67040	392
1678	 P	67080	924
1679	 P	67120	457
1680	 P	67160	388
1681	 P	67200	3818
1682	 P	67240	1499
1683	 P	67280	345
1684	 P	67320	518
1685	 P	67360	531
1686	 P	67400	1635
1687	 P	67440	498
1688	 P	67480	682
1689	 P	67520	542
1690	 P	67560	2016
1691	 P	67600	506
1692	 P	67640	577
1693	 P	67680	403
1694	 P	67720	1902
1695	 P	67760	470
1696	 P	67800	559
1697	 P	67840	357
1698	 P	67880	1112
1699	 P	67920	430
1700	 P	67960	473
1701	 P	68000	455
1702	 P	68040	1690
1703	 P	68080	498
1704	 P	68120	538
1705	 P	68160	440
1706	 P	68200	1891
1707	 P	68240	453
1708	 P	68280	472
1709	 P	68320	297
1710	 P	68360	630
1711	 P	68400	346
1712	 P	68440	344
1713	 P	68480	5303
1714	 P	68520	2033
1715	 P	68560	282
1716	 P	68600	320
1717	 P	68640	318
1718	 P	68680	2097
1719	 P	68720	269
1720	 P	68760	271
1721	 P	68800	195
1722	 P	68840	1059
1723	 P	68880	226
1724	 P	68920	240
1725	 P	68960	178
1726	 P	69000	1377
1727	 P	69040	233
1728	 P	69080	214
1729	 P	69120	162
1730	 P	69160	1751
1731	 P	69200	134
1732	 P	69240	116
1733	 P	69280	83
1734	 P	69320	1010
1735	 P	69360	132
1736	 P	69400	156
1737	 P	69440	99
1738	 P	69480	1163
1739	 P	69520	168
1740	 P	69560	197
1741	 P	69600	145
1742	 P	69640	227
1743	 P	69680	108
1744	 P	69720	183
1745	 P	69760	11111
1746	 P	69800	421
1747	 P	69840	116
1748	 P	69880	128
1749	 P	69920	127
1750	 P	69960	308
1751	 P	70000	154
1752	 P	70040	153
1753	 P	70080	151
1754	 P	70120	362
1755	 P	70160	107
1756	 P	70200	91
1757	 P	70240	128
1758	 P	70280	418
1759	 P	70320	113
1760	 P	70360	138
1761	 P	70400	96
1762	 P	70440	459
1763	 P	70480	137
1764	 P	70520	116
1765	 P	70560	52
1766	 P	70600	555
1767	 P	70640	110
1768	 P	70680	142
1769	 P	70720	142
1770	 P	70760	459
1771	 P	70800	124
1772	 P	70840	126
1773	 P	70880	119
1774	 P	70920	122
1775	 P	70960	128
1776	 P	71000	132
1777	 P	71040	11078
1778	 P	71080	203
1779	 P	71120	62
1780	 P	71160	82
1781	 P	71200	91
1782	 P	71240	269
1783	 P	71280	81
1784	 P	71320	111
1785	 P	71360	114
1786	 P	71400	391
1787	 P	71440	150
1788	 P	71480	140
1789	 P	71520	137
1790	 P	71560	282
1791	 P	71600	118
1792	 P	71640	126
1793	 P	71680	129
1794	 P	71720	239
1795	 P	71760	86
1796	 P	71800	118
1797	 P	71840	124
1798	 P	71880	140
1799	 P	71920	120
1800	 P	71960	134
1801	 P	72000	4566
1802	 P	72040	1081
1803	 P	72080	231
1804	 P	72120	356
1805	 P	72160	271
1806	 P	72200	994
1807	 P	72240	251
1808	 P	72280	320
1809	 P	72320	207
1810	 P	72360	1036
1811	 P	72400	284
1812	 P	72440	373
1813	 P	72480	299
1814	 P	72520	1462
1815	 P	72560	354
1816	 P	72600	430
1817	 P	72640	230
1818	 P	72680	1070
1819	 P	72720	271
1820	 P	72760	226
1821	 P	72800	166
1822	 P	72840	1025
1823	 P	72880	171
1824	 P	72920	255
1825	 P	72960	201
1826	 P	73000	835
1827	 P	73040	202
1828	 P	73080	196
1829	 P	73120	123
1830	 P	73160	310
1831	 P	73200	145
1832	 P	73240	193
1833	 P	73280	5221
1834	 P	73320	944
1835	 P	73360	201
1836	 P	73400	288
1837	 P	73440	188
1838	 P	73480	905
1839	 P	73520	252
1840	 P	73560	252
1841	 P	73600	153
1842	 P	73640	861
1843	 P	73680	234
1844	 P	73720	268
1845	 P	73760	195
1846	 P	73800	942
1847	 P	73840	236
1848	 P	73880	318
1849	 P	73920	284
1850	 P	73960	996
1851	 P	74000	311
1852	 P	74040	248
1853	 P	74080	210
1854	 P	74120	1226
1855	 P	74160	260
1856	 P	74200	347
1857	 P	74240	276
1858	 P	74280	922
1859	 P	74320	243
1860	 P	74360	322
1861	 P	74400	258
1862	 P	74440	408
1863	 P	74480	224
1864	 P	74520	243
1865	 P	74560	5143
1866	 P	74600	1006
1867	 P	74640	229
1868	 P	74680	351
1869	 P	74720	239
1870	 P	74760	1163
1871	 P	74800	249
1872	 P	74840	403
1873	 P	74880	328
1874	 P	74920	798
1875	 P	74960	266
1876	 P	75000	372
1877	 P	75040	316
1878	 P	75080	993
1879	 P	75120	331
1880	 P	75160	400
1881	 P	75200	269
1882	 P	75240	1198
1883	 P	75280	375
1884	 P	75320	381
1885	 P	75360	311
1886	 P	75400	1238
1887	 P	75440	377
1888	 P	75480	403
1889	 P	75520	279
1890	 P	75560	1146
1891	 P	75600	403
1892	 P	75640	507
1893	 P	75680	460
1894	 P	75720	824
1895	 P	75760	462
1896	 P	75800	342
1897	 P	75840	5612
1898	 P	75880	780
1899	 P	75920	211
1900	 P	75960	224
1901	 P	76000	168
1902	 P	76040	773
1903	 P	76080	197
1904	 P	76120	235
1905	 P	76160	167
1906	 P	76200	467
1907	 P	76240	171
1908	 P	76280	193
1909	 P	76320	152
1910	 P	76360	499
1911	 P	76400	176
1912	 P	76440	224
1913	 P	76480	145
1914	 P	76520	561
1915	 P	76560	135
1916	 P	76600	198
1917	 P	76640	175
1918	 P	76680	695
1919	 P	76720	153
1920	 P	76760	214
1921	 P	76800	176
1922	 P	76840	904
1923	 P	76880	174
1924	 P	76920	284
1925	 P	76960	216
1926	 P	77000	657
1927	 P	77040	238
1928	 P	77080	252
1929	 P	77120	5256
1930	 P	77160	1158
1931	 P	77200	250
1932	 P	77240	326
1933	 P	77280	219
1934	 P	77320	948
1935	 P	77360	285
1936	 P	77400	341
1937	 P	77440	261
1938	 P	77480	1184
1939	 P	77520	314
1940	 P	77560	525
1941	 P	77600	344
1942	 P	77640	1223
1943	 P	77680	389
1944	 P	77720	562
1945	 P	77760	411
1946	 P	77800	1184
1947	 P	77840	395
1948	 P	77880	432
1949	 P	77920	299
1950	 P	77960	1171
1951	 P	78000	273
1952	 P	78040	332
1953	 P	78080	358
1954	 P	78120	1887
1955	 P	78160	716
1956	 P	78200	890
1957	 P	78240	754
1958	 P	78280	825
1959	 P	78320	485
1960	 P	78360	234
1961	 P	78400	5047
1962	 P	78440	749
1963	 P	78480	193
1964	 P	78520	273
1965	 P	78560	229
1966	 P	78600	583
1967	 P	78640	154
1968	 P	78680	217
1969	 P	78720	222
1970	 P	78760	1510
1971	 P	78800	273
1972	 P	78840	566
1973	 P	78880	533
1974	 P	78920	1915
1975	 P	78960	521
1976	 P	79000	561
1977	 P	79040	369
1978	 P	79080	1576
1979	 P	79120	454
1980	 P	79160	498
1981	 P	79200	347
1982	 P	79240	1739
1983	 P	79280	442
1984	 P	79320	614
1985	 P	79360	505
1986	 P	79400	1601
1987	 P	79440	510
1988	 P	79480	725
1989	 P	79520	540
1990	 P	79560	1111
1991	 P	79600	501
1992	 P	79640	510
1993	 P	79680	3426
1994	 P	79720	1755
1995	 P	79760	387
1996	 P	79800	549
1997	 P	79840	391
1998	 P	79880	1109
1999	 P	79920	442
2000	 P	79960	477
2001	 P	80000	498
2002	 P	80040	1687
2003	 P	80080	509
2004	 P	80120	504
2005	 P	80160	452
2006	 P	80200	1835
2007	 P	80240	451
2008	 P	80280	468
2009	 P	80320	302
2010	 P	80360	2135
2011	 P	80400	363
2012	 P	80440	360
2013	 P	80480	256
2014	 P	80520	2469
2015	 P	80560	348
2016	 P	80600	334
2017	 P	80640	292
2018	 P	80680	2718
2019	 P	80720	299
2020	 P	80760	276
2021	 P	80800	180
2022	 P	80840	336
2023	 P	80880	204
2024	 P	80920	175
2025	 P	80960	8346
2026	 P	81000	795
2027	 P	81040	145
2028	 P	81080	226
2029	 P	81120	210
2030	 P	81160	902
2031	 P	81200	146
2032	 P	81240	169
2033	 P	81280	65
2034	 P	81320	618
2035	 P	81360	78
2036	 P	81400	141
2037	 P	81440	138
2038	 P	81480	1005
2039	 P	81520	143
2040	 P	81560	213
2041	 P	81600	150
2042	 P	81640	1102
2043	 P	81680	193
2044	 P	81720	128
2045	 P	81760	74
2046	 P	81800	840
2047	 P	81840	141
2048	 P	81880	152
2049	 P	81920	115
2050	 P	81960	673
2051	 P	82000	134
2052	 P	82040	132
2053	 P	82080	76
2054	 P	82120	86
2055	 P	82160	99
2056	 P	82200	110
2057	 P	82240	11524
2058	 P	82280	234
2059	 P	82320	85
2060	 P	82360	93
2061	 P	82400	84
2062	 P	82440	363
2063	 P	82480	77
2064	 P	82520	119
2065	 P	82560	125
2066	 P	82600	530
2067	 P	82640	105
2068	 P	82680	159
2069	 P	82720	145
2070	 P	82760	360
2071	 P	82800	107
2072	 P	82840	136
2073	 P	82880	131
2074	 P	82920	452
2075	 P	82960	131
2076	 P	83000	135
2077	 P	83040	98
2078	 P	83080	343
2079	 P	83120	99
2080	 P	83160	102
2081	 P	83200	96
2082	 P	83240	331
2083	 P	83280	110
2084	 P	83320	123
2085	 P	83360	148
2086	 P	83400	119
2087	 P	83440	132
2088	 P	83480	128
2089	 P	83520	9893
2090	 P	83560	226
2091	 P	83600	107
2092	 P	83640	84
2093	 P	83680	108
2094	 P	83720	222
2095	 P	83760	50
2096	 P	83800	131
2097	 P	83840	113
2098	 P	83880	146
2099	 P	83920	85
2100	 P	83960	116
2101	 P	84000	4612
2102	 P	84040	1075
2103	 P	84080	216
2104	 P	84120	363
2105	 P	84160	278
2106	 P	84200	1012
2107	 P	84240	258
2108	 P	84280	320
2109	 P	84320	223
2110	 P	84360	1012
2111	 P	84400	294
2112	 P	84440	370
2113	 P	84480	314
2114	 P	84520	1417
2115	 P	84560	357
2116	 P	84600	435
2117	 P	84640	271
2118	 P	84680	428
2119	 P	84720	241
2120	 P	84760	217
2121	 P	84800	5442
2122	 P	84840	860
2123	 P	84880	151
2124	 P	84920	247
2125	 P	84960	189
2126	 P	85000	727
2127	 P	85040	203
2128	 P	85080	162
2129	 P	85120	122
2130	 P	85160	704
2131	 P	85200	140
2132	 P	85240	217
2133	 P	85280	203
2134	 P	85320	1016
2135	 P	85360	184
2136	 P	85400	297
2137	 P	85440	216
2138	 P	85480	900
2139	 P	85520	229
2140	 P	85560	269
2141	 P	85600	141
2142	 P	85640	909
2143	 P	85680	228
2144	 P	85720	257
2145	 P	85760	203
2146	 P	85800	941
2147	 P	85840	187
2148	 P	85880	296
2149	 P	85920	311
2150	 P	85960	539
2151	 P	86000	260
2152	 P	86040	212
2153	 P	86080	5166
2154	 P	86120	1125
2155	 P	86160	238
2156	 P	86200	340
2157	 P	86240	263
2158	 P	86280	915
2159	 P	86320	260
2160	 P	86360	325
2161	 P	86400	232
2162	 P	86440	737
2163	 P	86480	248
2164	 P	86520	331
2165	 P	86560	250
2166	 P	86600	1014
2167	 P	86640	234
2168	 P	86680	336
2169	 P	86720	155
2170	 P	86760	1109
2171	 P	86800	273
2172	 P	86840	372
2173	 P	86880	305
2174	 P	86920	816
2175	 P	86960	251
2176	 P	87000	331
2177	 P	87040	286
2178	 P	87080	1003
2179	 P	87120	323
2180	 P	87160	422
2181	 P	87200	311
2182	 P	87240	642
2183	 P	87280	329
2184	 P	87320	267
2185	 P	87360	5097
2186	 P	87400	1082
2187	 P	87440	306
2188	 P	87480	383
2189	 P	87520	224
2190	 P	87560	1120
2191	 P	87600	405
2192	 P	87640	456
2193	 P	87680	463
2194	 P	87720	1495
2195	 P	87760	484
2196	 P	87800	421
2197	 P	87840	213
2198	 P	87880	951
2199	 P	87920	243
2200	 P	87960	204
2201	 P	88000	154
2202	 P	88040	741
2203	 P	88080	182
2204	 P	88120	215
2205	 P	88160	151
2206	 P	88200	535
2207	 P	88240	165
2208	 P	88280	183
2209	 P	88320	162
2210	 P	88360	563
2211	 P	88400	176
2212	 P	88440	216
2213	 P	88480	149
2214	 P	88520	247
2215	 P	88560	143
2216	 P	88600	177
2217	 P	88640	5191
2218	 P	88680	619
2219	 P	88720	129
2220	 P	88760	190
2221	 P	88800	166
2222	 P	88840	880
2223	 P	88880	181
2224	 P	88920	260
2225	 P	88960	211
2226	 P	89000	1264
2227	 P	89040	263
2228	 P	89080	387
2229	 P	89120	232
2230	 P	89160	1290
2231	 P	89200	277
2232	 P	89240	317
2233	 P	89280	216
2234	 P	89320	978
2235	 P	89360	304
2236	 P	89400	324
2237	 P	89440	245
2238	 P	89480	1089
2239	 P	89520	312
2240	 P	89560	505
2241	 P	89600	418
2242	 P	89640	1169
2243	 P	89680	377
2244	 P	89720	591
2245	 P	89760	412
2246	 P	89800	679
2247	 P	89840	342
2248	 P	89880	347
2249	 P	89920	3974
2250	 P	89960	1136
2251	 P	90000	274
2252	 P	90040	327
2253	 P	90080	369
2254	 P	90120	1830
2255	 P	90160	638
2256	 P	90200	897
2257	 P	90240	734
2258	 P	90280	1621
2259	 P	90320	482
2260	 P	90360	295
2261	 P	90400	175
2262	 P	90440	880
2263	 P	90480	219
2264	 P	90520	272
2265	 P	90560	195
2266	 P	90600	636
2267	 P	90640	168
2268	 P	90680	243
2269	 P	90720	216
2270	 P	90760	1544
2271	 P	90800	287
2272	 P	90840	514
2273	 P	90880	514
2274	 P	90920	1986
2275	 P	90960	505
2276	 P	91000	547
2277	 P	91040	353
2278	 P	91080	923
2279	 P	91120	430
2280	 P	91160	388
2281	 P	91200	3741
2282	 P	91240	1503
2283	 P	91280	339
2284	 P	91320	551
2285	 P	91360	507
2286	 P	91400	1651
2287	 P	91440	500
2288	 P	91480	690
2289	 P	91520	557
2290	 P	91560	1921
2291	 P	91600	489
2292	 P	91640	648
2293	 P	91680	409
2294	 P	91720	1855
2295	 P	91760	484
2296	 P	91800	546
2297	 P	91840	393
2298	 P	91880	1108
2299	 P	91920	426
2300	 P	91960	495
2301	 P	92000	472
2302	 P	92040	1702
2303	 P	92080	490
2304	 P	92120	545
2305	 P	92160	423
2306	 P	92200	1878
2307	 P	92240	500
2308	 P	92280	483
2309	 P	92320	291
2310	 P	92360	641
2311	 P	92400	326
2312	 P	92440	351
2313	 P	92480	5327
2314	 P	92520	2026
2315	 P	92560	282
2316	 P	92600	324
2317	 P	92640	314
2318	 P	92680	2114
2319	 P	92720	255
2320	 P	92760	261
2321	 P	92800	185
2322	 P	92840	1084
2323	 P	92880	223
2324	 P	92920	240
2325	 P	92960	158
2326	 P	93000	1332
2327	 P	93040	225
2328	 P	93080	206
2329	 P	93120	174
2330	 P	93160	1770
2331	 P	93200	145
2332	 P	93240	115
2333	 P	93280	68
2334	 P	93320	977
2335	 P	93360	126
2336	 P	93400	160
2337	 P	93440	133
2338	 P	93480	1238
2339	 P	93520	163
2340	 P	93560	184
2341	 P	93600	113
2342	 P	93640	240
2343	 P	93680	159
2344	 P	93720	194
2345	 P	93760	11146
2346	 P	93800	419
2347	 P	93840	109
2348	 P	93880	158
2349	 P	93920	144
2350	 P	93960	305
2351	 P	94000	145
2352	 P	94040	147
2353	 P	94080	149
2354	 P	94120	317
2355	 P	94160	103
2356	 P	94200	109
2357	 P	94240	144
2358	 P	94280	378
2359	 P	94320	115
2360	 P	94360	147
2361	 P	94400	106
2362	 P	94440	490
2363	 P	94480	122
2364	 P	94520	121
2365	 P	94560	49
2366	 P	94600	584
2367	 P	94640	120
2368	 P	94680	127
2369	 P	94720	141
2370	 P	94760	457
2371	 P	94800	118
2372	 P	94840	118
2373	 P	94880	114
2374	 P	94920	138
2375	 P	94960	120
2376	 P	95000	135
2377	 P	95040	11077
2378	 P	95080	197
2379	 P	95120	59
2380	 P	95160	75
2381	 P	95200	97
2382	 P	95240	253
2383	 P	95280	69
2384	 P	95320	114
2385	 P	95360	127
2386	 P	95400	397
2387	 P	95440	140
2388	 P	95480	148
2389	 P	95520	141
2390	 P	95560	296
2391	 P	95600	130
2392	 P	95640	127
2393	 P	95680	155
2394	 P	95720	238
2395	 P	95760	89
2396	 P	95800	107
2397	 P	95840	128
2398	 P	95880	154
2399	 P	95920	108
2400	 P	95960	129
2401	 P	96000	4616
2402	 P	96040	1067
2403	 P	96080	236
2404	 P	96120	341
2405	 P	96160	268
2406	 P	96200	980
2407	 P	96240	275
2408	 P	96280	358
2409	 P	96320	217
2410	 P	96360	1018
2411	 P	96400	288
2412	 P	96440	383
2413	 P	96480	304
2414	 P	96520	1465
2415	 P	96560	353
2416	 P	96600	437
2417	 P	96640	231
2418	 P	96680	1052
2419	 P	96720	251
2420	 P	96760	245
2421	 P	96800	167
2422	 P	96840	1080
2423	 P	96880	170
2424	 P	96920	255
2425	 P	96960	209
2426	 P	97000	797
2427	 P	97040	199
2428	 P	97080	164
2429	 P	97120	140
2430	 P	97160	295
2431	 P	97200	148
2432	 P	97240	181
2433	 P	97280	5190
2434	 P	97320	891
2435	 P	97360	201
2436	 P	97400	316
2437	 P	97440	200
2438	 P	97480	880
2439	 P	97520	233
2440	 P	97560	236
2441	 P	97600	132
2442	 P	97640	889
2443	 P	97680	222
2444	 P	97720	279
2445	 P	97760	208
2446	 P	97800	981
2447	 P	97840	203
2448	 P	97880	307
2449	 P	97920	320
2450	 P	97960	1029
2451	 P	98000	296
2452	 P	98040	287
2453	 P	98080	200
2454	 P	98120	1193
2455	 P	98160	256
2456	 P	98200	354
2457	 P	98240	273
2458	 P	98280	894
2459	 P	98320	276
2460	 P	98360	308
2461	 P	98400	223
2462	 P	98440	439
2463	 P	98480	241
2464	 P	98520	246
2465	 P	98560	5122
2466	 P	98600	981
2467	 P	98640	220
2468	 P	98680	371
2469	 P	98720	226
2470	 P	98760	1144
2471	 P	98800	261
2472	 P	98840	428
2473	 P	98880	315
2474	 P	98920	805
2475	 P	98960	271
2476	 P	99000	365
2477	 P	99040	297
2478	 P	99080	939
2479	 P	99120	316
2480	 P	99160	441
2481	 P	99200	323
2482	 P	99240	1164
2483	 P	99280	331
2484	 P	99320	441
2485	 P	99360	299
2486	 P	99400	1260
2487	 P	99440	363
2488	 P	99480	383
2489	 P	99520	235
2490	 P	99560	1103
2491	 P	99600	385
2492	 P	99640	449
2493	 P	99680	505
2494	 P	99720	796
2495	 P	99760	420
2496	 P	99800	307
2497	 P	99840	5560
2498	 P	99880	779
2499	 P	99920	206
2500	 P	99960	232
2501	 P	100000	154
2502	 P	100040	746
2503	 P	100080	195
2504	 P	100120	229
2505	 P	100160	173
2506	 P	100200	493
2507	 P	100240	172
2508	 P	100280	186
2509	 P	100320	155
2510	 P	100360	524
2511	 P	100400	177
2512	 P	100440	208
2513	 P	100480	152
2514	 P	100520	546
2515	 P	100560	168
2516	 P	100600	190
2517	 P	100640	170
2518	 P	100680	663
2519	 P	100720	139
2520	 P	100760	206
2521	 P	100800	177
2522	 P	100840	900
2523	 P	100880	188
2524	 P	100920	273
2525	 P	100960	229
2526	 P	101000	630
2527	 P	101040	220
2528	 P	101080	264
2529	 P	101120	5259
2530	 P	101160	1130
2531	 P	101200	242
2532	 P	101240	359
2533	 P	101280	221
2534	 P	101320	997
2535	 P	101360	283
2536	 P	101400	336
2537	 P	101440	290
2538	 P	101480	1173
2539	 P	101520	307
2540	 P	101560	469
2541	 P	101600	408
2542	 P	101640	1179
2543	 P	101680	403
2544	 P	101720	550
2545	 P	101760	416
2546	 P	101800	1259
2547	 P	101840	393
2548	 P	101880	412
2549	 P	101920	325
2550	 P	101960	1125
2551	 P	102000	270
2552	 P	102040	346
2553	 P	102080	365
2554	 P	102120	1854
2555	 P	102160	652
2556	 P	102200	884
2557	 P	102240	742
2558	 P	102280	813
2559	 P	102320	480
2560	 P	102360	218
2561	 P	102400	5014
2562	 P	102440	740
2563	 P	102480	206
2564	 P	102520	280
2565	 P	102560	196
2566	 P	102600	595
2567	 P	102640	176
2568	 P	102680	217
2569	 P	102720	216
2570	 P	102760	1524
2571	 P	102800	302
2572	 P	102840	536
2573	 P	102880	500
2574	 P	102920	1974
2575	 P	102960	489
2576	 P	103000	549
2577	 P	103040	363
2578	 P	103080	1537
2579	 P	103120	444
2580	 P	103160	518
2581	 P	103200	358
2582	 P	103240	1788
2583	 P	103280	432
2584	 P	103320	592
2585	 P	103360	513
2586	 P	103400	1640
2587	 P	103440	541
2588	 P	103480	680
2589	 P	103520	583
2590	 P	103560	1062
2591	 P	103600	497
2592	 P	103640	502
2593	 P	103680	3398
2594	 P	103720	1723
2595	 P	103760	376
2596	 P	103800	532
2597	 P	103840	358
2598	 P	103880	1092
2599	 P	103920	408
2600	 P	103960	514
2601	 P	104000	496
2602	 P	104040	1744
2603	 P	104080	493
2604	 P	104120	547
2605	 P	104160	453
2606	 P	104200	1915
2607	 P	104240	466
2608	 P	104280	444
2609	 P	104320	285
2610	 P	104360	2157
2611	 P	104400	351
2612	 P	104440	345
2613	 P	104480	252
2614	 P	104520	2562
2615	 P	104560	360
2616	 P	104600	378
2617	 P	104640	294
2618	 P	104680	2731
2619	 P	104720	306
2620	 P	104760	283
2621	 P	104800	187
2622	 P	104840	315
2623	 P	104880	195
2624	 P	104920	205
2625	 P	104960	8353
2626	 P	105000	816
2627	 P	105040	152
2628	 P	105080	206
2629	 P	105120	205
2630	 P	105160	948
2631	 P	105200	169
2632	 P	105240	183
2633	 P	105280	73
2634	 P	105320	708
2635	 P	105360	98
2636	 P	105400	142
2637	 P	105440	141
2638	 P	105480	981
2639	 P	105520	143
2640	 P	105560	200
2641	 P	105600	165
2642	 P	105640	1168
2643	 P	105680	190
2644	 P	105720	198
2645	 P	105760	124
2646	 P	105800	890
2647	 P	105840	147
2648	 P	105880	170
2649	 P	105920	109
2650	 P	105960	584
2651	 P	106000	129
2652	 P	106040	138
2653	 P	106080	76
2654	 P	106120	96
2655	 P	106160	116
2656	 P	106200	129
2657	 P	106240	11569
2658	 P	106280	222
2659	 P	106320	81
2660	 P	106360	92
2661	 P	106400	79
2662	 P	106440	355
2663	 P	106480	115
2664	 P	106520	101
2665	 P	106560	117
2666	 P	106600	541
2667	 P	106640	118
2668	 P	106680	154
2669	 P	106720	143
2670	 P	106760	329
2671	 P	106800	112
2672	 P	106840	140
2673	 P	106880	132
2674	 P	106920	403
2675	 P	106960	113
2676	 P	107000	146
2677	 P	107040	115
2678	 P	107080	377
2679	 P	107120	101
2680	 P	107160	115
2681	 P	107200	104
2682	 P	107240	326
2683	 P	107280	113
2684	 P	107320	131
2685	 P	107360	130
2686	 P	107400	136
2687	 P	107440	128
2688	 P	107480	131
2689	 P	107520	9893
2690	 P	107560	213
2691	 P	107600	96
2692	 P	107640	102
2693	 P	107680	106
2694	 P	107720	223
2695	 P	107760	54
2696	 P	107800	134
2697	 P	107840	105
2698	 P	107880	172
2699	 P	107920	124
2700	 P	107960	125
2701	 P	108000	4616
2702	 P	108040	1072
2703	 P	108080	212
2704	 P	108120	348
2705	 P	108160	252
2706	 P	108200	969
2707	 P	108240	277
2708	 P	108280	316
2709	 P	108320	215
2710	 P	108360	1046
2711	 P	108400	299
2712	 P	108440	379
2713	 P	108480	337
2714	 P	108520	1412
2715	 P	108560	365
2716	 P	108600	413
2717	 P	108640	233
2718	 P	108680	426
2719	 P	108720	217
2720	 P	108760	191
2721	 P	108800	5434
2722	 P	108840	890
2723	 P	108880	150
2724	 P	108920	250
2725	 P	108960	199
2726	 P	109000	721
2727	 P	109040	207
2728	 P	109080	171
2729	 P	109120	129
2730	 P	109160	693
2731	 P	109200	144
2732	 P	109240	212
2733	 P	109280	208
2734	 P	109320	988
2735	 P	109360	196
2736	 P	109400	288
2737	 P	109440	219
2738	 P	109480	891
2739	 P	109520	239
2740	 P	109560	267
2741	 P	109600	149
2742	 P	109640	902
2743	 P	109680	249
2744	 P	109720	264
2745	 P	109760	198
2746	 P	109800	893
2747	 P	109840	197
2748	 P	109880	308
2749	 P	109920	297
2750	 P	109960	516
2751	 P	110000	263
2752	 P	110040	232
2753	 P	110080	5126
2754	 P	110120	1130
2755	 P	110160	224
2756	 P	110200	325
2757	 P	110240	277
2758	 P	110280	891
2759	 P	110320	246
2760	 P	110360	319
2761	 P	110400	238
2762	 P	110440	718
2763	 P	110480	231
2764	 P	110520	304
2765	 P	110560	254
2766	 P	110600	1010
2767	 P	110640	250
2768	 P	110680	375
2769	 P	110720	188
2770	 P	110760	1099
2771	 P	110800	274
2772	 P	110840	407
2773	 P	110880	327
2774	 P	110920	804
2775	 P	110960	273
2776	 P	111000	344
2777	 P	111040	278
2778	 P	111080	970
2779	 P	111120	300
2780	 P	111160	449
2781	 P	111200	312
2782	 P	111240	647
2783	 P	111280	311
2784	 P	111320	283
2785	 P	111360	5053
2786	 P	111400	1112
2787	 P	111440	307
2788	 P	111480	378
2789	 P	111520	237
2790	 P	111560	1121
2791	 P	111600	403
2792	 P	111640	465
2793	 P	111680	456
2794	 P	111720	1497
2795	 P	111760	442
2796	 P	111800	406
2797	 P	111840	189
2798	 P	111880	883
2799	 P	111920	233
2800	 P	111960	208
2801	 P	112000	146
2802	 P	112040	716
2803	 P	112080	177
2804	 P	112120	223
2805	 P	112160	168
2806	 P	112200	508
2807	 P	112240	158
2808	 P	112280	169
2809	 P	112320	146
2810	 P	112360	567
2811	 P	112400	173
2812	 P	112440	237
2813	 P	112480	183
2814	 P	112520	205
2815	 P	112560	135
2816	 P	112600	147
2817	 P	112640	5210
2818	 P	112680	556
2819	 P	112720	125
2820	 P	112760	181
2821	 P	112800	163
2822	 P	112840	884
2823	 P	112880	196
2824	 P	112920	281
2825	 P	112960	215
2826	 P	113000	1286
2827	 P	113040	247
2828	 P	113080	347
2829	 P	113120	214
2830	 P	113160	1265
2831	 P	113200	293
2832	 P	113240	315
2833	 P	113280	216
2834	 P	113320	956
2835	 P	113360	294
2836	 P	113400	336
2837	 P	113440	265
2838	 P	113480	1123
2839	 P	113520	334
2840	 P	113560	489
2841	 P	113600	392
2842	 P	113640	1176
2843	 P	113680	379
2844	 P	113720	540
2845	 P	113760	425
2846	 P	113800	706
2847	 P	113840	354
2848	 P	113880	352
2849	 P	113920	3950
2850	 P	113960	1098
2851	 P	114000	258
2852	 P	114040	322
2853	 P	114080	352
2854	 P	114120	1827
2855	 P	114160	642
2856	 P	114200	883
2857	 P	114240	725
2858	 P	114280	1636
2859	 P	114320	504
2860	 P	114360	278
2861	 P	114400	184
2862	 P	114440	896
2863	 P	114480	217
2864	 P	114520	271
2865	 P	114560	206
2866	 P	114600	626
2867	 P	114640	159
2868	 P	114680	229
2869	 P	114720	209
2870	 P	114760	1540
2871	 P	114800	292
2872	 P	114840	518
2873	 P	114880	513
2874	 P	114920	1941
2875	 P	114960	518
2876	 P	115000	526
2877	 P	115040	329
2878	 P	115080	925
2879	 P	115120	441
2880	 P	115160	407
2881	 P	115200	3737
2882	 P	115240	1540
2883	 P	115280	313
2884	 P	115320	552
2885	 P	115360	511
2886	 P	115400	1662
2887	 P	115440	515
2888	 P	115480	674
2889	 P	115520	565
2890	 P	115560	1950
2891	 P	115600	475
2892	 P	115640	613
2893	 P	115680	401
2894	 P	115720	1934
2895	 P	115760	419
2896	 P	115800	511
2897	 P	115840	363
2898	 P	115880	1126
2899	 P	115920	420
2900	 P	115960	511
2901	 P	116000	456
2902	 P	116040	1697
2903	 P	116080	486
2904	 P	116120	515
2905	 P	116160	445
2906	 P	116200	1864
2907	 P	116240	460
2908	 P	116280	504
2909	 P	116320	306
2910	 P	116360	650
2911	 P	116400	354
2912	 P	116440	397
2913	 P	116480	5314
2914	 P	116520	1998
2915	 P	116560	267
2916	 P	116600	343
2917	 P	116640	317
2918	 P	116680	2267
2919	 P	116720	281
2920	 P	116760	272
2921	 P	116800	186
2922	 P	116840	985
2923	 P	116880	219
2924	 P	116920	246
2925	 P	116960	163
2926	 P	117000	1370
2927	 P	117040	222
2928	 P	117080	203
2929	 P	117120	171
2930	 P	117160	1651
2931	 P	117200	160
2932	 P	117240	130
2933	 P	117280	76
2934	 P	117320	954
2935	 P	117360	125
2936	 P	117400	152
2937	 P	117440	152
2938	 P	117480	1276
2939	 P	117520	177
2940	 P	117560	212
2941	 P	117600	113
2942	 P	117640	238
2943	 P	117680	148
2944	 P	117720	191
2945	 P	117760	11180
2946	 P	117800	432
2947	 P	117840	99
2948	 P	117880	141
2949	 P	117920	134
2950	 P	117960	318
2951	 P	118000	132
2952	 P	118040	162
2953	 P	118080	149
2954	 P	118120	331
2955	 P	118160	114
2956	 P	118200	119
2957	 P	118240	142
2958	 P	118280	461
2959	 P	118320	136
2960	 P	118360	122
2961	 P	118400	97
2962	 P	118440	437
2963	 P	118480	102
2964	 P	118520	130
2965	 P	118560	92
2966	 P	118600	543
2967	 P	118640	91
2968	 P	118680	132
2969	 P	118720	151
2970	 P	118760	469
2971	 P	118800	127
2972	 P	118840	121
2973	 P	118880	125
2974	 P	118920	133
2975	 P	118960	118
2976	 P	119000	119
2977	 P	119040	11118
2978	 P	119080	195
2979	 P	119120	52
2980	 P	119160	84
2981	 P	119200	83
2982	 P	119240	258
2983	 P	119280	71
2984	 P	119320	111
2985	 P	119360	121
2986	 P	119400	373
2987	 P	119440	142
2988	 P	119480	150
2989	 P	119520	139
2990	 P	119560	286
2991	 P	119600	122
2992	 P	119640	126
2993	 P	119680	152
2994	 P	119720	256
2995	 P	119760	89
2996	 P	119800	118
2997	 P	119840	139
2998	 P	119880	150
2999	 P	119920	119
3000	 P	119960	128
3001	 P	120000	4616
3002	 P	120040	1062
3003	 P	120080	235
3004	 P	120120	372
3005	 P	120160	264
3006	 P	120200	958
3007	 P	120240	275
3008	 P	120280	335
3009	 P	120320	212
3010	 P	120360	1060
3011	 P	120400	309
3012	 P	120440	401
3013	 P	120480	286
3014	 P	120520	1420
3015	 P	120560	343
3016	 P	120600	421
3017	 P	120640	228
3018	 P	120680	1049
3019	 P	120720	255
3020	 P	120760	228
3021	 P	120800	168
3022	 P	120840	1106
3023	 P	120880	149
3024	 P	120920	270
3025	 P	120960	206
3026	 P	121000	765
3027	 P	121040	197
3028	 P	121080	177
3029	 P	121120	136
3030	 P	121160	283
3031	 P	121200	145
3032	 P	121240	180
3033	 P	121280	5221
3034	 P	121320	922
3035	 P	121360	200
3036	 P	121400	317
3037	 P	121440	184
3038	 P	121480	872
3039	 P	121520	226
3040	 P	121560	249
3041	 P	121600	142
3042	 P	121640	903
3043	 P	121680	230
3044	 P	121720	290
3045	 P	121760	202
3046	 P	121800	926
3047	 P	121840	187
3048	 P	121880	283
3049	 P	121920	300
3050	 P	121960	1014
3051	 P	122000	300
3052	 P	122040	306
3053	 P	122080	232
3054	 P	122120	1213
3055	 P	122160	246
3056	 P	122200	356
3057	 P	122240	262
3058	 P	122280	913
3059	 P	122320	235
3060	 P	122360	301
3061	 P	122400	240
3062	 P	122440	380
3063	 P	122480	241
3064	 P	122520	288
3065	 P	122560	5158
3066	 P	122600	961
3067	 P	122640	212
3068	 P	122680	376
3069	 P	122720	210
3070	 P	122760	1120
3071	 P	122800	259
3072	 P	122840	415
3073	 P	122880	313
3074	 P	122920	816
3075	 P	122960	246
3076	 P	123000	344
3077	 P	123040	296
3078	 P	123080	971
3079	 P	123120	314
3080	 P	123160	452
3081	 P	123200	317
3082	 P	123240	1216
3083	 P	123280	329
3084	 P	123320	424
3085	 P	123360	305
3086	 P	123400	1229
3087	 P	123440	372
3088	 P	123480	384
3089	 P	123520	248
3090	 P	123560	1087
3091	 P	123600	407
3092	 P	123640	475
3093	 P	123680	493
3094	 P	123720	772
3095	 P	123760	434
3096	 P	123800	341
3097	 P	123840	5508
3098	 P	123880	791
3099	 P	123920	208
3100	 P	123960	215
3101	 P	124000	143
3102	 P	124040	679
3103	 P	124080	185
3104	 P	124120	230
3105	 P	124160	159
3106	 P	124200	488
3107	 P	124240	165
3108	 P	124280	192
3109	 P	124320	158
3110	 P	124360	531
3111	 P	124400	213
3112	 P	124440	199
3113	 P	124480	141
3114	 P	124520	561
3115	 P	124560	181
3116	 P	124600	188
3117	 P	124640	152
3118	 P	124680	738
3119	 P	124720	129
3120	 P	124760	219
3121	 P	124800	169
3122	 P	124840	923
3123	 P	124880	192
3124	 P	124920	270
3125	 P	124960	212
3126	 P	125000	648
3127	 P	125040	245
3128	 P	125080	255
3129	 P	125120	5251
3130	 P	125160	1143
3131	 P	125200	252
3132	 P	125240	371
3133	 P	125280	208
3134	 P	125320	947
3135	 P	125360	293
3136	 P	125400	319
3137	 P	125440	255
3138	 P	125480	1138
3139	 P	125520	306
3140	 P	125560	521
3141	 P	125600	380
3142	 P	125640	1167
3143	 P	125680	381
3144	 P	125720	579
3145	 P	125760	441
3146	 P	125800	1220
3147	 P	125840	389
3148	 P	125880	439
3149	 P	125920	328
3150	 P	125960	1131
3151	 P	126000	263
3152	 P	126040	375
3153	 P	126080	363
3154	 P	126120	1807
3155	 P	126160	694
3156	 P	126200	860
3157	 P	126240	752
3158	 P	126280	846
3159	 P	126320	496
3160	 P	126360	235
3161	 P	126400	4977
3162	 P	126440	736
3163	 P	126480	200
3164	 P	126520	293
3165	 P	126560	198
3166	 P	126600	560
3167	 P	126640	159
3168	 P	126680	206
3169	 P	126720	240
3170	 P	126760	1468
3171	 P	126800	319
3172	 P	126840	555
3173	 P	126880	517
3174	 P	126920	1967
3175	 P	126960	557
3176	 P	127000	557
3177	 P	127040	384
3178	 P	127080	1515
3179	 P	127120	459
3180	 P	127160	498
3181	 P	127200	367
3182	 P	127240	1699
3183	 P	127280	434
3184	 P	127320	597
3185	 P	127360	523
3186	 P	127400	1612
3187	 P	127440	496
3188	 P	127480	679
3189	 P	127520	600
3190	 P	127560	1069
3191	 P	127600	483
3192	 P	127640	577
3193	 P	127680	3411
3194	 P	127720	1742
3195	 P	127760	380
3196	 P	127800	523
3197	 P	127840	378
3198	 P	127880	1115
3199	 P	127920	440
3200	 P	127960	535
3201	 P	128000	494
3202	 P	128040	1669
3203	 P	128080	448
3204	 P	128120	540
3205	 P	128160	427
3206	 P	128200	1917
3207	 P	128240	459
3208	 P	128280	461
3209	 P	128320	301
3210	 P	128360	2068
3211	 P	128400	347
3212	 P	128440	339
3213	 P	128480	240
3214	 P	128520	2547
3215	 P	128560	373
3216	 P	128600	340
3217	 P	128640	307
3218	 P	128680	2559
3219	 P	128720	298
3220	 P	128760	246
3221	 P	128800	190
3222	 P	128840	337
3223	 P	128880	168
3224	 P	128920	179
3225	 P	128960	8346
3226	 P	129000	805
3227	 P	129040	147
3228	 P	129080	231
3229	 P	129120	213
3230	 P	129160	932
3231	 P	129200	168
3232	 P	129240	176
3233	 P	129280	67
3234	 P	129320	643
3235	 P	129360	74
3236	 P	129400	144
3237	 P	129440	141
3238	 P	129480	1064
3239	 P	129520	164
3240	 P	129560	201
3241	 P	129600	180
3242	 P	129640	1133
3243	 P	129680	178
3244	 P	129720	156
3245	 P	129760	77
3246	 P	129800	850
3247	 P	129840	136
3248	 P	129880	169
3249	 P	129920	106
3250	 P	129960	743
3251	 P	130000	144
3252	 P	130040	154
3253	 P	130080	97
3254	 P	130120	76
3255	 P	130160	114
3256	 P	130200	103
3257	 P	130240	11569
3258	 P	130280	222
3259	 P	130320	81
3260	 P	130360	92
3261	 P	130400	79
3262	 P	130440	356
3263	 P	130480	115
3264	 P	130520	104
3265	 P	130560	117
3266	 P	130600	560
3267	 P	130640	121
3268	 P	130680	150
3269	 P	130720	135
3270	 P	130760	332
3271	 P	130800	113
3272	 P	130840	140
3273	 P	130880	133
3274	 P	130920	443
3275	 P	130960	127
3276	 P	131000	134
3277	 P	131040	122
3278	 P	131080	414
3279	 P	131120	99
3280	 P	131160	110
3281	 P	131200	107
3282	 P	131240	311
3283	 P	131280	108
3284	 P	131320	152
3285	 P	131360	129
3286	 P	131400	127
3287	 P	131440	137
3288	 P	131480	139
3289	 P	131520	9893
3290	 P	131560	213
3291	 P	131600	96
3292	 P	131640	102
3293	 P	131680	106
3294	 P	131720	223
3295	 P	131760	54
3296	 P	131800	134
3297	 P	131840	105
3298	 P	131880	172
3299	 P	131920	124
3300	 P	131960	125
3301	 P	132000	4616
3302	 P	132040	1072
3303	 P	132080	212
3304	 P	132120	347
3305	 P	132160	251
3306	 P	132200	968
3307	 P	132240	281
3308	 P	132280	340
3309	 P	132320	215
3310	 P	132360	1046
3311	 P	132400	286
3312	 P	132440	396
3313	 P	132480	338
3314	 P	132520	1405
3315	 P	132560	381
3316	 P	132600	418
3317	 P	132640	233
3318	 P	132680	437
3319	 P	132720	235
3320	 P	132760	189
3321	 P	132800	5434
3322	 P	132840	892
3323	 P	132880	149
3324	 P	132920	252
3325	 P	132960	213
3326	 P	133000	696
3327	 P	133040	195
3328	 P	133080	166
3329	 P	133120	138
3330	 P	133160	695
3331	 P	133200	133
3332	 P	133240	191
3333	 P	133280	194
3334	 P	133320	1021
3335	 P	133360	218
3336	 P	133400	288
3337	 P	133440	214
3338	 P	133480	886
3339	 P	133520	256
3340	 P	133560	270
3341	 P	133600	121
3342	 P	133640	835
3343	 P	133680	222
3344	 P	133720	253
3345	 P	133760	184
3346	 P	133800	966
3347	 P	133840	204
3348	 P	133880	322
3349	 P	133920	300
3350	 P	133960	528
3351	 P	134000	279
3352	 P	134040	245
3353	 P	134080	5163
3354	 P	134120	1111
3355	 P	134160	254
3356	 P	134200	308
3357	 P	134240	255
3358	 P	134280	883
3359	 P	134320	259
3360	 P	134360	332
3361	 P	134400	251
3362	 P	134440	723
3363	 P	134480	231
3364	 P	134520	309
3365	 P	134560	245
3366	 P	134600	974
3367	 P	134640	279
3368	 P	134680	327
3369	 P	134720	213
3370	 P	134760	1089
3371	 P	134800	268
3372	 P	134840	371
3373	 P	134880	299
3374	 P	134920	824
3375	 P	134960	232
3376	 P	135000	337
3377	 P	135040	285
3378	 P	135080	980
3379	 P	135120	323
3380	 P	135160	448
3381	 P	135200	269
3382	 P	135240	621
3383	 P	135280	309
3384	 P	135320	285
3385	 P	135360	5063
3386	 P	135400	1134
3387	 P	135440	277
3388	 P	135480	386
3389	 P	135520	209
3390	 P	135560	1108
3391	 P	135600	377
3392	 P	135640	462
3393	 P	135680	439
3394	 P	135720	1468
3395	 P	135760	479
3396	 P	135800	384
3397	 P	135840	210
3398	 P	135880	939
3399	 P	135920	220
3400	 P	135960	218
3401	 P	136000	152
3402	 P	136040	703
3403	 P	136080	171
3404	 P	136120	214
3405	 P	136160	185
3406	 P	136200	549
3407	 P	136240	154
3408	 P	136280	179
3409	 P	136320	149
3410	 P	136360	540
3411	 P	136400	167
3412	 P	136440	229
3413	 P	136480	189
3414	 P	136520	213
3415	 P	136560	141
3416	 P	136600	165
3417	 P	136640	5194
3418	 P	136680	583
3419	 P	136720	119
3420	 P	136760	188
3421	 P	136800	164
3422	 P	136840	889
3423	 P	136880	195
3424	 P	136920	258
3425	 P	136960	224
3426	 P	137000	1335
3427	 P	137040	233
3428	 P	137080	345
3429	 P	137120	247
3430	 P	137160	1279
3431	 P	137200	266
3432	 P	137240	329
3433	 P	137280	216
3434	 P	137320	945
3435	 P	137360	294
3436	 P	137400	315
3437	 P	137440	240
3438	 P	137480	1159
3439	 P	137520	322
3440	 P	137560	505
3441	 P	137600	353
3442	 P	137640	1142
3443	 P	137680	383
3444	 P	137720	565
3445	 P	137760	451
3446	 P	137800	675
3447	 P	137840	343
3448	 P	137880	347
3449	 P	137920	3937
3450	 P	137960	1094
3451	 P	138000	260
3452	 P	138040	332
3453	 P	138080	351
3454	 P	138120	1797
3455	 P	138160	648
3456	 P	138200	951
3457	 P	138240	725
3458	 P	138280	1645
3459	 P	138320	491
3460	 P	138360	293
3461	 P	138400	171
3462	 P	138440	941
3463	 P	138480	226
3464	 P	138520	268
3465	 P	138560	199
3466	 P	138600	630
3467	 P	138640	153
3468	 P	138680	219
3469	 P	138720	221
3470	 P	138760	1536
3471	 P	138800	294
3472	 P	138840	528
3473	 P	138880	488
3474	 P	138920	1984
3475	 P	138960	520
3476	 P	139000	555
3477	 P	139040	375
3478	 P	139080	911
3479	 P	139120	483
3480	 P	139160	377
3481	 P	139200	3753
3482	 P	139240	1480
3483	 P	139280	320
3484	 P	139320	559
3485	 P	139360	501
3486	 P	139400	1623
3487	 P	139440	483
3488	 P	139480	708
3489	 P	139520	581
3490	 P	139560	1985
3491	 P	139600	516
3492	 P	139640	618
3493	 P	139680	431
3494	 P	139720	1899
3495	 P	139760	445
3496	 P	139800	561
3497	 P	139840	388
3498	 P	139880	1104
3499	 P	139920	427
3500	 P	139960	522
3501	 P	140000	497
3502	 P	140040	1686
3503	 P	140080	465
3504	 P	140120	525
3505	 P	140160	434
3506	 P	140200	1855
3507	 P	140240	420
3508	 P	140280	488
3509	 P	140320	273
3510	 P	140360	641
3511	 P	140400	338
3512	 P	140440	323
3513	 P	140480	5323
3514	 P	140520	2028
3515	 P	140560	265
3516	 P	140600	325
3517	 P	140640	319
3518	 P	140680	2232
3519	 P	140720	290
3520	 P	140760	277
3521	 P	140800	188
3522	 P	140840	1078
3523	 P	140880	227
3524	 P	140920	215
3525	 P	140960	154
3526	 P	141000	1351
3527	 P	141040	234
3528	 P	141080	220
3529	 P	141120	190
3530	 P	141160	1734
3531	 P	141200	152
3532	 P	141240	117
3533	 P	141280	81
3534	 P	141320	980
3535	 P	141360	140
3536	 P	141400	159
3537	 P	141440	138
3538	 P	141480	1171
3539	 P	141520	161
3540	 P	141560	195
3541	 P	141600	162
3542	 P	141640	229
3543	 P	141680	157
3544	 P	141720	171
3545	 P	141760	11180
3546	 P	141800	432
3547	 P	141840	99
3548	 P	141880	141
3549	 P	141920	134
3550	 P	141960	312
3551	 P	142000	143
3552	 P	142040	166
3553	 P	142080	132
3554	 P	142120	346
3555	 P	142160	113
3556	 P	142200	115
3557	 P	142240	155
3558	 P	142280	412
3559	 P	142320	127
3560	 P	142360	107
3561	 P	142400	109
3562	 P	142440	441
3563	 P	142480	137
3564	 P	142520	129
3565	 P	142560	95
3566	 P	142600	543
3567	 P	142640	119
3568	 P	142680	133
3569	 P	142720	126
3570	 P	142760	434
3571	 P	142800	119
3572	 P	142840	114
3573	 P	142880	118
3574	 P	142920	126
3575	 P	142960	101
3576	 P	143000	134
3577	 P	143040	11118
3578	 P	143080	192
3579	 P	143120	52
3580	 P	143160	81
3581	 P	143200	83
3582	 P	143240	275
3583	 P	143280	71
3584	 P	143320	116
3585	 P	143360	121
3586	 P	143400	364
3587	 P	143440	139
3588	 P	143480	149
3589	 P	143520	138
3590	 P	143560	298
3591	 P	143600	131
3592	 P	143640	130
3593	 P	143680	154
3594	 P	143720	254
3595	 P	143760	92
3596	 P	143800	123
3597	 P	143840	142
3598	 P	143880	150
3599	 P	143920	110
3600	 P	143960	136
3601	 P	144000	4616
3602	 P	144040	1065
3603	 P	144080	235
3604	 P	144120	373
3605	 P	144160	264
3606	 P	144200	955
3607	 P	144240	262
3608	 P	144280	334
3609	 P	144320	211
3610	 P	144360	1046
3611	 P	144400	300
3612	 P	144440	362
3613	 P	144480	285
3614	 P	144520	1404
3615	 P	144560	378
3616	 P	144600	432
3617	 P	144640	244
3618	 P	144680	1061
3619	 P	144720	233
3620	 P	144760	251
3621	 P	144800	169
3622	 P	144840	1084
3623	 P	144880	157
3624	 P	144920	264
3625	 P	144960	219
3626	 P	145000	786
3627	 P	145040	177
3628	 P	145080	183
3629	 P	145120	113
3630	 P	145160	294
3631	 P	145200	133
3632	 P	145240	214
3633	 P	145280	5134
3634	 P	145320	876
3635	 P	145360	209
3636	 P	145400	305
3637	 P	145440	210
3638	 P	145480	900
3639	 P	145520	234
3640	 P	145560	255
3641	 P	145600	138
3642	 P	145640	887
3643	 P	145680	207
3644	 P	145720	285
3645	 P	145760	214
3646	 P	145800	978
3647	 P	145840	211
3648	 P	145880	316
3649	 P	145920	289
3650	 P	145960	1022
3651	 P	146000	272
3652	 P	146040	251
3653	 P	146080	159
3654	 P	146120	1210
3655	 P	146160	242
3656	 P	146200	360
3657	 P	146240	298
3658	 P	146280	905
3659	 P	146320	268
3660	 P	146360	315
3661	 P	146400	229
3662	 P	146440	385
3663	 P	146480	234
3664	 P	146520	265
3665	 P	146560	5172
3666	 P	146600	967
3667	 P	146640	207
3668	 P	146680	371
3669	 P	146720	211
3670	 P	146760	1108
3671	 P	146800	264
3672	 P	146840	400
3673	 P	146880	319
3674	 P	146920	780
3675	 P	146960	266
3676	 P	147000	343
3677	 P	147040	281
3678	 P	147080	954
3679	 P	147120	304
3680	 P	147160	417
3681	 P	147200	316
3682	 P	147240	1184
3683	 P	147280	341
3684	 P	147320	384
3685	 P	147360	289
3686	 P	147400	1234
3687	 P	147440	355
3688	 P	147480	379
3689	 P	147520	232
3690	 P	147560	1137
3691	 P	147600	382
3692	 P	147640	460
3693	 P	147680	474
3694	 P	147720	792
3695	 P	147760	457
3696	 P	147800	313
3697	 P	147840	5486
3698	 P	147880	786
3699	 P	147920	214
3700	 P	147960	211
3701	 P	148000	162
3702	 P	148040	698
3703	 P	148080	210
3704	 P	148120	241
3705	 P	148160	183
3706	 P	148200	476
3707	 P	148240	179
3708	 P	148280	200
3709	 P	148320	176
3710	 P	148360	511
3711	 P	148400	207
3712	 P	148440	220
3713	 P	148480	179
3714	 P	148520	559
3715	 P	148560	168
3716	 P	148600	204
3717	 P	148640	178
3718	 P	148680	677
3719	 P	148720	124
3720	 P	148760	209
3721	 P	148800	171
3722	 P	148840	915
3723	 P	148880	156
3724	 P	148920	284
3725	 P	148960	230
3726	 P	149000	627
3727	 P	149040	215
3728	 P	149080	261
3729	 P	149120	5202
3730	 P	149160	1151
3731	 P	149200	253
3732	 P	149240	359
3733	 P	149280	223
3734	 P	149320	962
3735	 P	149360	280
3736	 P	149400	341
3737	 P	149440	233
3738	 P	149480	1183
3739	 P	149520	315
3740	 P	149560	513
3741	 P	149600	403
3742	 P	149640	1143
3743	 P	149680	399
3744	 P	149720	583
3745	 P	149760	425
3746	 P	149800	1181
3747	 P	149840	392
3748	 P	149880	441
3749	 P	149920	318
3750	 P	149960	1127
3751	 P	150000	273
3752	 P	150040	328
3753	 P	150080	334
3754	 P	150120	1795
3755	 P	150160	707
3756	 P	150200	891
3757	 P	150240	719
3758	 P	150280	795
3759	 P	150320	472
3760	 P	150360	201
3761	 P	150400	5003
3762	 P	150440	744
3763	 P	150480	215
3764	 P	150520	274
3765	 P	150560	212
3766	 P	150600	560
3767	 P	150640	151
3768	 P	150680	212
3769	 P	150720	226
3770	 P	150760	1524
3771	 P	150800	317
3772	 P	150840	557
3773	 P	150880	543
3774	 P	150920	1942
3775	 P	150960	534
3776	 P	151000	592
3777	 P	151040	390
3778	 P	151080	1521
3779	 P	151120	478
3780	 P	151160	509
3781	 P	151200	360
3782	 P	151240	1734
3783	 P	151280	427
3784	 P	151320	572
3785	 P	151360	482
3786	 P	151400	1607
3787	 P	151440	499
3788	 P	151480	743
3789	 P	151520	569
3790	 P	151560	1087
3791	 P	151600	515
3792	 P	151640	536
3793	 P	151680	3383
3794	 P	151720	1730
3795	 P	151760	380
3796	 P	151800	558
3797	 P	151840	377
3798	 P	151880	1106
3799	 P	151920	460
3800	 P	151960	497
3801	 P	152000	510
3802	 P	152040	1631
3803	 P	152080	472
3804	 P	152120	523
3805	 P	152160	403
3806	 P	152200	1878
3807	 P	152240	444
3808	 P	152280	453
3809	 P	152320	295
3810	 P	152360	2028
3811	 P	152400	370
3812	 P	152440	332
3813	 P	152480	269
3814	 P	152520	2594
3815	 P	152560	333
3816	 P	152600	343
3817	 P	152640	264
3818	 P	152680	2615
3819	 P	152720	274
3820	 P	152760	252
3821	 P	152800	172
3822	 P	152840	338
3823	 P	152880	173
3824	 P	152920	164
3825	 P	152960	8346
3826	 P	153000	804
3827	 P	153040	147
3828	 P	153080	231
3829	 P	153120	211
3830	 P	153160	953
3831	 P	153200	163
3832	 P	153240	185
3833	 P	153280	68
3834	 P	153320	657
3835	 P	153360	131
3836	 P	153400	127
3837	 P	153440	139
3838	 P	153480	1044
3839	 P	153520	135
3840	 P	153560	195
3841	 P	153600	168
3842	 P	153640	1235
3843	 P	153680	179
3844	 P	153720	127
3845	 P	153760	90
3846	 P	153800	794
3847	 P	153840	138
3848	 P	153880	182
3849	 P	153920	108
3850	 P	153960	624
3851	 P	154000	135
3852	 P	154040	140
3853	 P	154080	101
3854	 P	154120	90
3855	 P	154160	117
3856	 P	154200	94
3857	 P	154240	11547
3858	 P	154280	208
3859	 P	154320	83
3860	 P	154360	91
3861	 P	154400	82
3862	 P	154440	366
3863	 P	154480	112
3864	 P	154520	109
3865	 P	154560	118
3866	 P	154600	571
3867	 P	154640	122
3868	 P	154680	152
3869	 P	154720	146
3870	 P	154760	341
3871	 P	154800	108
3872	 P	154840	130
3873	 P	154880	123
3874	 P	154920	421
3875	 P	154960	126
3876	 P	155000	135
3877	 P	155040	117
3878	 P	155080	393
3879	 P	155120	105
3880	 P	155160	105
3881	 P	155200	102
3882	 P	155240	328
3883	 P	155280	112
3884	 P	155320	142
3885	 P	155360	118
3886	 P	155400	125
3887	 P	155440	132
3888	 P	155480	131
3889	 P	155520	9873
3890	 P	155560	202
3891	 P	155600	100
3892	 P	155640	98
3893	 P	155680	111
3894	 P	155720	222
3895	 P	155760	50
3896	 P	155800	138
3897	 P	155840	114
3898	 P	155880	170
3899	 P	155920	122
3900	 P	155960	118
3901	 P	156000	4612
3902	 P	156040	1071
3903	 P	156080	209
3904	 P	156120	358
3905	 P	156160	268
3906	 P	156200	1002
3907	 P	156240	270
3908	 P	156280	333
3909	 P	156320	202
3910	 P	156360	1019
3911	 P	156400	287
3912	 P	156440	411
3913	 P	156480	315
3914	 P	156520	1418
3915	 P	156560	363
3916	 P	156600	431
3917	 P	156640	214
3918	 P	156680	441
3919	 P	156720	233
3920	 P	156760	199
3921	 P	156800	5466
3922	 P	156840	882
3923	 P	156880	140
3924	 P	156920	255
3925	 P	156960	200
3926	 P	157000	705
3927	 P	157040	191
3928	 P	157080	154
3929	 P	157120	125
3930	 P	157160	724
3931	 P	157200	138
3932	 P	157240	199
3933	 P	157280	190
3934	 P	157320	1028
3935	 P	157360	215
3936	 P	157400	282
3937	 P	157440	205
3938	 P	157480	869
3939	 P	157520	252
3940	 P	157560	238
3941	 P	157600	159
3942	 P	157640	860
3943	 P	157680	215
3944	 P	157720	276
3945	 P	157760	181
3946	 P	157800	906
3947	 P	157840	196
3948	 P	157880	302
3949	 P	157920	313
3950	 P	157960	526
3951	 P	158000	290
3952	 P	158040	227
3953	 P	158080	5194
3954	 P	158120	1096
3955	 P	158160	247
3956	 P	158200	323
3957	 P	158240	269
3958	 P	158280	899
3959	 P	158320	253
3960	 P	158360	333
3961	 P	158400	255
3962	 P	158440	718
3963	 P	158480	242
3964	 P	158520	308
3965	 P	158560	250
3966	 P	158600	982
3967	 P	158640	254
3968	 P	158680	338
3969	 P	158720	201
3970	 P	158760	1096
3971	 P	158800	274
3972	 P	158840	388
3973	 P	158880	310
3974	 P	158920	817
3975	 P	158960	252
3976	 P	159000	350
3977	 P	159040	289
3978	 P	159080	963
3979	 P	159120	314
3980	 P	159160	430
3981	 P	159200	283
3982	 P	159240	649
3983	 P	159280	309
3984	 P	159320	275
3985	 P	159360	5063
3986	 P	159400	1134
3987	 P	159440	277
3988	 P	159480	386
3989	 P	159520	209
3990	 P	159560	1115
3991	 P	159600	381
3992	 P	159640	445
3993	 P	159680	438
3994	 P	159720	1458
3995	 P	159760	456
3996	 P	159800	381
3997	 P	159840	220
3998	 P	159880	944
3999	 P	159920	207
4000	 P	159960	216
4001	 P	160000	155
4002	 P	160040	692
4003	 P	160080	166
4004	 P	160120	207
4005	 P	160160	179
4006	 P	160200	535
4007	 P	160240	156
4008	 P	160280	168
4009	 P	160320	158
4010	 P	160360	552
4011	 P	160400	166
4012	 P	160440	230
4013	 P	160480	185
4014	 P	160520	209
4015	 P	160560	132
4016	 P	160600	159
4017	 P	160640	5201
4018	 P	160680	610
4019	 P	160720	125
4020	 P	160760	210
4021	 P	160800	162
4022	 P	160840	868
4023	 P	160880	192
4024	 P	160920	268
4025	 P	160960	215
4026	 P	161000	1285
4027	 P	161040	237
4028	 P	161080	337
4029	 P	161120	221
4030	 P	161160	1255
4031	 P	161200	262
4032	 P	161240	326
4033	 P	161280	227
4034	 P	161320	961
4035	 P	161360	269
4036	 P	161400	319
4037	 P	161440	248
4038	 P	161480	1111
4039	 P	161520	346
4040	 P	161560	475
4041	 P	161600	358
4042	 P	161640	1170
4043	 P	161680	386
4044	 P	161720	570
4045	 P	161760	415
4046	 P	161800	674
4047	 P	161840	343
4048	 P	161880	358
4049	 P	161920	3926
4050	 P	161960	1082
4051	 P	162000	256
4052	 P	162040	320
4053	 P	162080	353
4054	 P	162120	1767
4055	 P	162160	646
4056	 P	162200	920
4057	 P	162240	736
4058	 P	162280	1653
4059	 P	162320	512
4060	 P	162360	286
4061	 P	162400	173
4062	 P	162440	901
4063	 P	162480	219
4064	 P	162520	263
4065	 P	162560	226
4066	 P	162600	638
4067	 P	162640	154
4068	 P	162680	244
4069	 P	162720	235
4070	 P	162760	1533
4071	 P	162800	273
4072	 P	162840	532
4073	 P	162880	494
4074	 P	162920	1961
4075	 P	162960	519
4076	 P	163000	565
4077	 P	163040	386
4078	 P	163080	938
4079	 P	163120	482
4080	 P	163160	387
4081	 P	163200	3748
4082	 P	163240	1475
4083	 P	163280	345
4084	 P	163320	531
4085	 P	163360	475
4086	 P	163400	1646
4087	 P	163440	466
4088	 P	163480	683
4089	 P	163520	532
4090	 P	163560	2024
4091	 P	163600	523
4092	 P	163640	577
4093	 P	163680	413
4094	 P	163720	1908
4095	 P	163760	471
4096	 P	163800	582
4097	 P	163840	376
4098	 P	163880	1113
4099	 P	163920	414
4100	 P	163960	494
4101	 P	164000	529
4102	 P	164040	1671
4103	 P	164080	480
4104	 P	164120	531
4105	 P	164160	451
4106	 P	164200	1873
4107	 P	164240	444
4108	 P	164280	470
4109	 P	164320	313
4110	 P	164360	665
4111	 P	164400	356
4112	 P	164440	377
4113	 P	164480	5309
4114	 P	164520	2074
4115	 P	164560	245
4116	 P	164600	324
4117	 P	164640	317
4118	 P	164680	2180
4119	 P	164720	301
4120	 P	164760	299
4121	 P	164800	196
4122	 P	164840	1011
4123	 P	164880	235
4124	 P	164920	216
4125	 P	164960	174
4126	 P	165000	1346
4127	 P	165040	233
4128	 P	165080	211
4129	 P	165120	158
4130	 P	165160	1851
4131	 P	165200	151
4132	 P	165240	113
4133	 P	165280	75
4134	 P	165320	902
4135	 P	165360	155
4136	 P	165400	155
4137	 P	165440	124
4138	 P	165480	1234
4139	 P	165520	163
4140	 P	165560	188
4141	 P	165600	127
4142	 P	165640	225
4143	 P	165680	164
4144	 P	165720	173
4145	 P	165760	11220
4146	 P	165800	417
4147	 P	165840	89
4148	 P	165880	129
4149	 P	165920	128
4150	 P	165960	322
4151	 P	166000	144
4152	 P	166040	156
4153	 P	166080	127
4154	 P	166120	358
4155	 P	166160	114
4156	 P	166200	118
4157	 P	166240	141
4158	 P	166280	428
4159	 P	166320	123
4160	 P	166360	126
4161	 P	166400	108
4162	 P	166440	440
4163	 P	166480	131
4164	 P	166520	130
4165	 P	166560	107
4166	 P	166600	551
4167	 P	166640	125
4168	 P	166680	141
4169	 P	166720	125
4170	 P	166760	441
4171	 P	166800	123
4172	 P	166840	128
4173	 P	166880	126
4174	 P	166920	125
4175	 P	166960	109
4176	 P	167000	127
4177	 P	167040	11059
4178	 P	167080	190
4179	 P	167120	56
4180	 P	167160	84
4181	 P	167200	85
4182	 P	167240	261
4183	 P	167280	78
4184	 P	167320	108
4185	 P	167360	118
4186	 P	167400	377
4187	 P	167440	139
4188	 P	167480	146
4189	 P	167520	132
4190	 P	167560	284
4191	 P	167600	112
4192	 P	167640	130
4193	 P	167680	155
4194	 P	167720	246
4195	 P	167760	91
4196	 P	167800	121
4197	 P	167840	142
4198	 P	167880	141
4199	 P	167920	107
4200	 P	167960	126
4201	 P	168000	4616
4202	 P	168040	1057
4203	 P	168080	234
4204	 P	168120	357
4205	 P	168160	281
4206	 P	168200	974
4207	 P	168240	284
4208	 P	168280	328
4209	 P	168320	219
4210	 P	168360	1047
4211	 P	168400	300
4212	 P	168440	369
4213	 P	168480	295
4214	 P	168520	1455
4215	 P	168560	352
4216	 P	168600	421
4217	 P	168640	217
4218	 P	168680	1076
4219	 P	168720	231
4220	 P	168760	250
4221	 P	168800	165
4222	 P	168840	1065
4223	 P	168880	156
4224	 P	168920	264
4225	 P	168960	204
4226	 P	169000	848
4227	 P	169040	183
4228	 P	169080	169
4229	 P	169120	97
4230	 P	169160	284
4231	 P	169200	144
4232	 P	169240	202
4233	 P	169280	5181
4234	 P	169320	930
4235	 P	169360	212
4236	 P	169400	297
4237	 P	169440	197
4238	 P	169480	879
4239	 P	169520	229
4240	 P	169560	257
4241	 P	169600	139
4242	 P	169640	943
4243	 P	169680	229
4244	 P	169720	279
4245	 P	169760	221
4246	 P	169800	958
4247	 P	169840	204
4248	 P	169880	308
4249	 P	169920	289
4250	 P	169960	1004
4251	 P	170000	271
4252	 P	170040	277
4253	 P	170080	194
4254	 P	170120	1191
4255	 P	170160	263
4256	 P	170200	331
4257	 P	170240	261
4258	 P	170280	932
4259	 P	170320	273
4260	 P	170360	303
4261	 P	170400	208
4262	 P	170440	386
4263	 P	170480	209
4264	 P	170520	277
4265	 P	170560	5168
4266	 P	170600	966
4267	 P	170640	208
4268	 P	170680	356
4269	 P	170720	223
4270	 P	170760	1088
4271	 P	170800	258
4272	 P	170840	416
4273	 P	170880	329
4274	 P	170920	765
4275	 P	170960	248
4276	 P	171000	356
4277	 P	171040	301
4278	 P	171080	961
4279	 P	171120	303
4280	 P	171160	425
4281	 P	171200	293
4282	 P	171240	1224
4283	 P	171280	349
4284	 P	171320	417
4285	 P	171360	283
4286	 P	171400	1198
4287	 P	171440	376
4288	 P	171480	395
4289	 P	171520	234
4290	 P	171560	1098
4291	 P	171600	384
4292	 P	171640	489
4293	 P	171680	478
4294	 P	171720	796
4295	 P	171760	479
4296	 P	171800	339
4297	 P	171840	5527
4298	 P	171880	805
4299	 P	171920	198
4300	 P	171960	217
4301	 P	172000	148
4302	 P	172040	715
4303	 P	172080	184
4304	 P	172120	235
4305	 P	172160	180
4306	 P	172200	488
4307	 P	172240	172
4308	 P	172280	200
4309	 P	172320	183
4310	 P	172360	524
4311	 P	172400	203
4312	 P	172440	221
4313	 P	172480	179
4314	 P	172520	521
4315	 P	172560	163
4316	 P	172600	177
4317	 P	172640	165
4318	 P	172680	735
4319	 P	172720	152
4320	 P	172760	215
4321	 P	172800	180
4322	 P	172840	925
4323	 P	172880	181
4324	 P	172920	280
4325	 P	172960	211
4326	 P	173000	637
4327	 P	173040	232
4328	 P	173080	221
4329	 P	173120	5222
4330	 P	173160	1140
4331	 P	173200	259
4332	 P	173240	333
4333	 P	173280	206
4334	 P	173320	933
4335	 P	173360	272
4336	 P	173400	334
4337	 P	173440	273
4338	 P	173480	1145
4339	 P	173520	301
4340	 P	173560	499
4341	 P	173600	384
4342	 P	173640	1155
4343	 P	173680	407
4344	 P	173720	561
4345	 P	173760	438
4346	 P	173800	1165
4347	 P	173840	364
4348	 P	173880	406
4349	 P	173920	328
4350	 P	173960	1157
4351	 P	174000	306
4352	 P	174040	339
4353	 P	174080	360
4354	 P	174120	1822
4355	 P	174160	679
4356	 P	174200	895
4357	 P	174240	714
4358	 P	174280	816
4359	 P	174320	466
4360	 P	174360	214
4361	 P	174400	4963
4362	 P	174440	749
4363	 P	174480	210
4364	 P	174520	267
4365	 P	174560	198
4366	 P	174600	552
4367	 P	174640	157
4368	 P	174680	213
4369	 P	174720	225
4370	 P	174760	1495
4371	 P	174800	320
4372	 P	174840	555
4373	 P	174880	508
4374	 P	174920	1966
4375	 P	174960	517
4376	 P	175000	566
4377	 P	175040	381
4378	 P	175080	1573
4379	 P	175120	448
4380	 P	175160	515
4381	 P	175200	371
4382	 P	175240	1737
4383	 P	175280	404
4384	 P	175320	588
4385	 P	175360	483
4386	 P	175400	1558
4387	 P	175440	509
4388	 P	175480	678
4389	 P	175520	546
4390	 P	175560	1060
4391	 P	175600	509
4392	 P	175640	529
4393	 P	175680	3383
4394	 P	175720	1712
4395	 P	175760	372
4396	 P	175800	544
4397	 P	175840	387
4398	 P	175880	1117
4399	 P	175920	439
4400	 P	175960	532
4401	 P	176000	492
4402	 P	176040	1673
4403	 P	176080	466
4404	 P	176120	504
4405	 P	176160	448
4406	 P	176200	1854
4407	 P	176240	439
4408	 P	176280	473
4409	 P	176320	297
4410	 P	176360	2100
4411	 P	176400	339
4412	 P	176440	322
4413	 P	176480	239
4414	 P	176520	2617
4415	 P	176560	375
4416	 P	176600	346
4417	 P	176640	302
4418	 P	176680	2660
4419	 P	176720	308
4420	 P	176760	270
4421	 P	176800	154
4422	 P	176840	337
4423	 P	176880	159
4424	 P	176920	186
4425	 P	176960	8346
4426	 P	177000	804
4427	 P	177040	147
4428	 P	177080	231
4429	 P	177120	211
4430	 P	177160	958
4431	 P	177200	163
4432	 P	177240	185
4433	 P	177280	64
4434	 P	177320	659
4435	 P	177360	131
4436	 P	177400	128
4437	 P	177440	142
4438	 P	177480	1048
4439	 P	177520	136
4440	 P	177560	200
4441	 P	177600	175
4442	 P	177640	1215
4443	 P	177680	176
4444	 P	177720	122
4445	 P	177760	94
4446	 P	177800	860
4447	 P	177840	138
4448	 P	177880	164
4449	 P	177920	108
4450	 P	177960	668
4451	 P	178000	140
4452	 P	178040	135
4453	 P	178080	96
4454	 P	178120	92
4455	 P	178160	107
4456	 P	178200	109
4457	 P	178240	11467
4458	 P	178280	218
4459	 P	178320	92
4460	 P	178360	88
4461	 P	178400	75
4462	 P	178440	357
4463	 P	178480	108
4464	 P	178520	120
4465	 P	178560	122
4466	 P	178600	519
4467	 P	178640	120
4468	 P	178680	145
4469	 P	178720	142
4470	 P	178760	352
4471	 P	178800	112
4472	 P	178840	127
4473	 P	178880	122
4474	 P	178920	396
4475	 P	178960	128
4476	 P	179000	134
4477	 P	179040	101
4478	 P	179080	394
4479	 P	179120	97
4480	 P	179160	107
4481	 P	179200	115
4482	 P	179240	332
4483	 P	179280	114
4484	 P	179320	144
4485	 P	179360	138
4486	 P	179400	124
4487	 P	179440	112
4488	 P	179480	134
4489	 P	179520	9873
4490	 P	179560	202
4491	 P	179600	100
4492	 P	179640	98
4493	 P	179680	111
4494	 P	179720	222
4495	 P	179760	48
4496	 P	179800	138
4497	 P	179840	114
4498	 P	179880	170
4499	 P	179920	122
4500	 P	179960	118
4501	 P	180000	4612
4502	 P	180040	1071
4503	 P	180080	209
4504	 P	180120	357
4505	 P	180160	268
4506	 P	180200	1002
4507	 P	180240	287
4508	 P	180280	333
4509	 P	180320	202
4510	 P	180360	1019
4511	 P	180400	278
4512	 P	180440	411
4513	 P	180480	315
4514	 P	180520	1418
4515	 P	180560	363
4516	 P	180600	431
4517	 P	180640	214
4518	 P	180680	441
4519	 P	180720	233
4520	 P	180760	199
4521	 P	180800	5466
4522	 P	180840	882
4523	 P	180880	140
4524	 P	180920	255
4525	 P	180960	200
4526	 P	181000	707
4527	 P	181040	191
4528	 P	181080	154
4529	 P	181120	126
4530	 P	181160	723
4531	 P	181200	132
4532	 P	181240	197
4533	 P	181280	193
4534	 P	181320	1036
4535	 P	181360	216
4536	 P	181400	302
4537	 P	181440	215
4538	 P	181480	871
4539	 P	181520	242
4540	 P	181560	245
4541	 P	181600	163
4542	 P	181640	849
4543	 P	181680	238
4544	 P	181720	277
4545	 P	181760	193
4546	 P	181800	942
4547	 P	181840	216
4548	 P	181880	312
4549	 P	181920	312
4550	 P	181960	535
4551	 P	182000	280
4552	 P	182040	229
4553	 P	182080	5163
4554	 P	182120	1092
4555	 P	182160	253
4556	 P	182200	327
4557	 P	182240	251
4558	 P	182280	904
4559	 P	182320	253
4560	 P	182360	329
4561	 P	182400	251
4562	 P	182440	711
4563	 P	182480	224
4564	 P	182520	305
4565	 P	182560	240
4566	 P	182600	963
4567	 P	182640	261
4568	 P	182680	340
4569	 P	182720	193
4570	 P	182760	1100
4571	 P	182800	275
4572	 P	182840	406
4573	 P	182880	284
4574	 P	182920	794
4575	 P	182960	232
4576	 P	183000	343
4577	 P	183040	288
4578	 P	183080	916
4579	 P	183120	315
4580	 P	183160	431
4581	 P	183200	276
4582	 P	183240	655
4583	 P	183280	324
4584	 P	183320	289
4585	 P	183360	5051
4586	 P	183400	1139
4587	 P	183440	281
4588	 P	183480	356
4589	 P	183520	239
4590	 P	183560	1118
4591	 P	183600	389
4592	 P	183640	466
4593	 P	183680	478
4594	 P	183720	1502
4595	 P	183760	507
4596	 P	183800	409
4597	 P	183840	209
4598	 P	183880	933
4599	 P	183920	221
4600	 P	183960	200
4601	 P	184000	163
4602	 P	184040	708
4603	 P	184080	179
4604	 P	184120	225
4605	 P	184160	174
4606	 P	184200	501
4607	 P	184240	163
4608	 P	184280	178
4609	 P	184320	158
4610	 P	184360	556
4611	 P	184400	174
4612	 P	184440	236
4613	 P	184480	198
4614	 P	184520	219
4615	 P	184560	121
4616	 P	184600	152
4617	 P	184640	5172
4618	 P	184680	638
4619	 P	184720	127
4620	 P	184760	222
4621	 P	184800	172
4622	 P	184840	893
4623	 P	184880	181
4624	 P	184920	261
4625	 P	184960	208
4626	 P	185000	1263
4627	 P	185040	263
4628	 P	185080	374
4629	 P	185120	225
4630	 P	185160	1284
4631	 P	185200	294
4632	 P	185240	329
4633	 P	185280	204
4634	 P	185320	956
4635	 P	185360	271
4636	 P	185400	315
4637	 P	185440	269
4638	 P	185480	1142
4639	 P	185520	334
4640	 P	185560	530
4641	 P	185600	342
4642	 P	185640	1199
4643	 P	185680	355
4644	 P	185720	563
4645	 P	185760	405
4646	 P	185800	706
4647	 P	185840	360
4648	 P	185880	366
4649	 P	185920	3965
4650	 P	185960	1103
4651	 P	186000	261
4652	 P	186040	322
4653	 P	186080	342
4654	 P	186120	1761
4655	 P	186160	673
4656	 P	186200	887
4657	 P	186240	736
4658	 P	186280	1629
4659	 P	186320	494
4660	 P	186360	289
4661	 P	186400	179
4662	 P	186440	909
4663	 P	186480	220
4664	 P	186520	282
4665	 P	186560	198
4666	 P	186600	628
4667	 P	186640	146
4668	 P	186680	222
4669	 P	186720	257
4670	 P	186760	1543
4671	 P	186800	291
4672	 P	186840	540
4673	 P	186880	515
4674	 P	186920	1990
4675	 P	186960	513
4676	 P	187000	538
4677	 P	187040	375
4678	 P	187080	921
4679	 P	187120	458
4680	 P	187160	447
4681	 P	187200	3766
4682	 P	187240	1461
4683	 P	187280	327
4684	 P	187320	525
4685	 P	187360	484
4686	 P	187400	1580
4687	 P	187440	496
4688	 P	187480	695
4689	 P	187520	520
4690	 P	187560	1955
4691	 P	187600	504
4692	 P	187640	606
4693	 P	187680	431
4694	 P	187720	1902
4695	 P	187760	454
4696	 P	187800	552
4697	 P	187840	382
4698	 P	187880	1124
4699	 P	187920	431
4700	 P	187960	538
4701	 P	188000	500
4702	 P	188040	1673
4703	 P	188080	492
4704	 P	188120	533
4705	 P	188160	475
4706	 P	188200	1873
4707	 P	188240	463
4708	 P	188280	484
4709	 P	188320	290
4710	 P	188360	622
4711	 P	188400	348
4712	 P	188440	374
4713	 P	188480	5305
4714	 P	188520	2029
4715	 P	188560	259
4716	 P	188600	324
4717	 P	188640	313
4718	 P	188680	2213
4719	 P	188720	278
4720	 P	188760	263
4721	 P	188800	201
4722	 P	188840	1021
4723	 P	188880	209
4724	 P	188920	216
4725	 P	188960	160
4726	 P	189000	1361
4727	 P	189040	239
4728	 P	189080	228
4729	 P	189120	163
4730	 P	189160	1778
4731	 P	189200	148
4732	 P	189240	122
4733	 P	189280	74
4734	 P	189320	1015
4735	 P	189360	138
4736	 P	189400	146
4737	 P	189440	139
4738	 P	189480	1161
4739	 P	189520	166
4740	 P	189560	187
4741	 P	189600	108
4742	 P	189640	233
4743	 P	189680	132
4744	 P	189720	181
4745	 P	189760	11191
4746	 P	189800	437
4747	 P	189840	103
4748	 P	189880	133
4749	 P	189920	135
4750	 P	189960	304
4751	 P	190000	146
4752	 P	190040	151
4753	 P	190080	133
4754	 P	190120	341
4755	 P	190160	110
4756	 P	190200	99
4757	 P	190240	152
4758	 P	190280	414
4759	 P	190320	133
4760	 P	190360	140
4761	 P	190400	103
4762	 P	190440	437
4763	 P	190480	124
4764	 P	190520	117
4765	 P	190560	102
4766	 P	190600	537
4767	 P	190640	87
4768	 P	190680	134
4769	 P	190720	123
4770	 P	190760	443
4771	 P	190800	129
4772	 P	190840	147
4773	 P	190880	131
4774	 P	190920	130
4775	 P	190960	116
4776	 P	191000	129
4777	 P	191040	11059
4778	 P	191080	189
4779	 P	191120	56
4780	 P	191160	84
4781	 P	191200	87
4782	 P	191240	270
4783	 P	191280	78
4784	 P	191320	108
4785	 P	191360	118
4786	 P	191400	361
4787	 P	191440	135
4788	 P	191480	140
4789	 P	191520	129
4790	 P	191560	299
4791	 P	191600	136
4792	 P	191640	137
4793	 P	191680	156
4794	 P	191720	245
4795	 P	191760	87
4796	 P	191800	125
4797	 P	191840	141
4798	 P	191880	146
4799	 P	191920	103
4800	 P	191960	126
4801	 P	192000	4616
4802	 P	192040	1060
4803	 P	192080	235
4804	 P	192120	357
4805	 P	192160	272
4806	 P	192200	979
4807	 P	192240	260
4808	 P	192280	329
4809	 P	192320	213
4810	 P	192360	1041
4811	 P	192400	303
4812	 P	192440	395
4813	 P	192480	322
4814	 P	192520	1462
4815	 P	192560	378
4816	 P	192600	438
4817	 P	192640	226
4818	 P	192680	1069
4819	 P	192720	254
4820	 P	192760	243
4821	 P	192800	163
4822	 P	192840	1110
4823	 P	192880	162
4824	 P	192920	267
4825	 P	192960	221
4826	 P	193000	806
4827	 P	193040	200
4828	 P	193080	178
4829	 P	193120	103
4830	 P	193160	275
4831	 P	193200	144
4832	 P	193240	174
4833	 P	193280	5134
4834	 P	193320	868
4835	 P	193360	201
4836	 P	193400	310
4837	 P	193440	195
4838	 P	193480	916
4839	 P	193520	234
4840	 P	193560	238
4841	 P	193600	131
4842	 P	193640	880
4843	 P	193680	223
4844	 P	193720	267
4845	 P	193760	203
4846	 P	193800	976
4847	 P	193840	225
4848	 P	193880	294
4849	 P	193920	323
4850	 P	193960	996
4851	 P	194000	284
4852	 P	194040	243
4853	 P	194080	166
4854	 P	194120	1158
4855	 P	194160	260
4856	 P	194200	354
4857	 P	194240	295
4858	 P	194280	905
4859	 P	194320	255
4860	 P	194360	299
4861	 P	194400	218
4862	 P	194440	389
4863	 P	194480	232
4864	 P	194520	247
4865	 P	194560	5136
4866	 P	194600	944
4867	 P	194640	218
4868	 P	194680	354
4869	 P	194720	250
4870	 P	194760	1097
4871	 P	194800	262
4872	 P	194840	391
4873	 P	194880	322
4874	 P	194920	819
4875	 P	194960	269
4876	 P	195000	363
4877	 P	195040	315
4878	 P	195080	934
4879	 P	195120	328
4880	 P	195160	436
4881	 P	195200	296
4882	 P	195240	1175
4883	 P	195280	355
4884	 P	195320	401
4885	 P	195360	267
4886	 P	195400	1206
4887	 P	195440	378
4888	 P	195480	386
4889	 P	195520	231
4890	 P	195560	1065
4891	 P	195600	377
4892	 P	195640	457
4893	 P	195680	456
4894	 P	195720	799
4895	 P	195760	498
4896	 P	195800	344
4897	 P	195840	5554
4898	 P	195880	771
4899	 P	195920	197
4900	 P	195960	219
4901	 P	196000	150
4902	 P	196040	730
4903	 P	196080	173
4904	 P	196120	229
4905	 P	196160	184
4906	 P	196200	493
4907	 P	196240	156
4908	 P	196280	184
4909	 P	196320	176
4910	 P	196360	529
4911	 P	196400	204
4912	 P	196440	210
4913	 P	196480	178
4914	 P	196520	559
4915	 P	196560	165
4916	 P	196600	183
4917	 P	196640	161
4918	 P	196680	655
4919	 P	196720	156
4920	 P	196760	227
4921	 P	196800	178
4922	 P	196840	917
4923	 P	196880	187
4924	 P	196920	266
4925	 P	196960	227
4926	 P	197000	630
4927	 P	197040	232
4928	 P	197080	250
4929	 P	197120	5204
4930	 P	197160	1148
4931	 P	197200	245
4932	 P	197240	354
4933	 P	197280	214
4934	 P	197320	950
4935	 P	197360	285
4936	 P	197400	311
4937	 P	197440	248
4938	 P	197480	1136
4939	 P	197520	319
4940	 P	197560	499
4941	 P	197600	350
4942	 P	197640	1217
4943	 P	197680	404
4944	 P	197720	582
4945	 P	197760	444
4946	 P	197800	1141
4947	 P	197840	323
4948	 P	197880	390
4949	 P	197920	316
4950	 P	197960	1153
4951	 P	198000	277
4952	 P	198040	349
4953	 P	198080	373
4954	 P	198120	1839
4955	 P	198160	705
4956	 P	198200	869
4957	 P	198240	689
4958	 P	198280	785
4959	 P	198320	468
4960	 P	198360	209
4961	 P	198400	4979
4962	 P	198440	736
4963	 P	198480	209
4964	 P	198520	291
4965	 P	198560	210
4966	 P	198600	586
4967	 P	198640	172
4968	 P	198680	240
4969	 P	198720	263
4970	 P	198760	1494
4971	 P	198800	270
4972	 P	198840	564
4973	 P	198880	511
4974	 P	198920	1985
4975	 P	198960	521
4976	 P	199000	544
4977	 P	199040	349
4978	 P	199080	1575
4979	 P	199120	413
4980	 P	199160	487
4981	 P	199200	345
4982	 P	199240	1721
4983	 P	199280	390
4984	 P	199320	581
4985	 P	199360	500
4986	 P	199400	1628
4987	 P	199440	501
4988	 P	199480	700
4989	 P	199520	565
4990	 P	199560	1082
4991	 P	199600	486
4992	 P	199640	501
4993	 P	199680	3183
4994	 P	199720	1124
4995	 P	199760	360
4996	 P	199800	555
4997	 P	199840	426
4998	 P	199880	717
4999	 P	199920	463
5000	 P	199960	525
	 		
