1	I	0	1278
2	 P	40	264
3	 P	80	113
4	 P	120	99
5	 P	160	88
6	 P	200	228
7	 P	240	90
8	 P	280	83
9	 P	320	84
10	 P	360	951
11	 P	400	132
12	 P	440	151
13	 P	480	111
14	 P	520	941
15	 P	560	186
16	 P	600	145
17	 P	640	150
18	 P	680	1267
19	 P	720	256
20	 P	760	257
21	 P	800	220
22	 P	840	1265
23	 P	880	243
24	 P	920	318
25	 P	960	260
26	 P	1000	1320
27	 P	1040	308
28	 P	1080	326
29	 P	1120	282
30	 P	1160	484
31	 P	1200	303
32	 P	1240	309
33	 P	1280	3976
34	 P	1320	1984
35	 P	1360	388
36	 P	1400	449
37	 P	1440	337
38	 P	1480	769
39	 P	1520	383
40	 P	1560	387
41	 P	1600	272
42	 P	1640	854
43	 P	1680	244
44	 P	1720	291
45	 P	1760	245
46	 P	1800	1086
47	 P	1840	244
48	 P	1880	298
49	 P	1920	292
50	 P	1960	1050
51	 P	2000	287
52	 P	2040	347
53	 P	2080	259
54	 P	2120	1194
55	 P	2160	326
56	 P	2200	371
57	 P	2240	253
58	 P	2280	1211
59	 P	2320	319
60	 P	2360	327
61	 P	2400	325
62	 P	2440	515
63	 P	2480	424
64	 P	2520	390
65	 P	2560	6297
66	 P	2600	1705
67	 P	2640	344
68	 P	2680	435
69	 P	2720	393
70	 P	2760	916
71	 P	2800	405
72	 P	2840	439
73	 P	2880	312
74	 P	2920	982
75	 P	2960	283
76	 P	3000	387
77	 P	3040	279
78	 P	3080	992
79	 P	3120	267
80	 P	3160	319
81	 P	3200	251
82	 P	3240	1101
83	 P	3280	286
84	 P	3320	356
85	 P	3360	284
86	 P	3400	1155
87	 P	3440	276
88	 P	3480	405
89	 P	3520	309
90	 P	3560	1379
91	 P	3600	305
92	 P	3640	417
93	 P	3680	331
94	 P	3720	653
95	 P	3760	343
96	 P	3800	362
97	 P	3840	6599
98	 P	3880	1580
99	 P	3920	366
100	 P	3960	477
101	 P	4000	401
102	 P	4040	1103
103	 P	4080	317
104	 P	4120	385
105	 P	4160	287
106	 P	4200	1073
107	 P	4240	277
108	 P	4280	332
109	 P	4320	280
110	 P	4360	926
111	 P	4400	333
112	 P	4440	372
113	 P	4480	288
114	 P	4520	1031
115	 P	4560	302
116	 P	4600	357
117	 P	4640	336
118	 P	4680	1073
119	 P	4720	303
120	 P	4760	325
121	 P	4800	262
122	 P	4840	974
123	 P	4880	272
124	 P	4920	297
125	 P	4960	291
126	 P	5000	467
127	 P	5040	306
128	 P	5080	296
129	 P	5120	6205
130	 P	5160	1226
131	 P	5200	304
132	 P	5240	333
133	 P	5280	349
134	 P	5320	963
135	 P	5360	235
136	 P	5400	305
137	 P	5440	255
138	 P	5480	911
139	 P	5520	219
140	 P	5560	311
141	 P	5600	233
142	 P	5640	945
143	 P	5680	257
144	 P	5720	355
145	 P	5760	268
146	 P	5800	1204
147	 P	5840	283
148	 P	5880	344
149	 P	5920	247
150	 P	5960	1069
151	 P	6000	274
152	 P	6040	354
153	 P	6080	293
154	 P	6120	1057
155	 P	6160	313
156	 P	6200	402
157	 P	6240	321
158	 P	6280	453
159	 P	6320	293
160	 P	6360	361
161	 P	6400	6163
162	 P	6440	1057
163	 P	6480	229
164	 P	6520	373
165	 P	6560	341
166	 P	6600	847
167	 P	6640	285
168	 P	6680	296
169	 P	6720	253
170	 P	6760	963
171	 P	6800	269
172	 P	6840	313
173	 P	6880	258
174	 P	6920	1190
175	 P	6960	303
176	 P	7000	364
177	 P	7040	272
178	 P	7080	1014
179	 P	7120	240
180	 P	7160	335
181	 P	7200	255
182	 P	7240	941
183	 P	7280	268
184	 P	7320	368
185	 P	7360	251
186	 P	7400	1167
187	 P	7440	289
188	 P	7480	381
189	 P	7520	275
190	 P	7560	499
191	 P	7600	326
192	 P	7640	324
193	 P	7680	6473
194	 P	7720	1285
195	 P	7760	323
196	 P	7800	371
197	 P	7840	365
198	 P	7880	959
199	 P	7920	274
200	 P	7960	352
201	 P	8000	222
202	 P	8040	1060
203	 P	8080	245
204	 P	8120	313
205	 P	8160	232
206	 P	8200	1030
207	 P	8240	236
208	 P	8280	270
209	 P	8320	293
210	 P	8360	989
211	 P	8400	299
212	 P	8440	342
213	 P	8480	217
214	 P	8520	1157
215	 P	8560	283
216	 P	8600	337
217	 P	8640	253
218	 P	8680	1091
219	 P	8720	288
220	 P	8760	375
221	 P	8800	275
222	 P	8840	458
223	 P	8880	315
224	 P	8920	321
225	 P	8960	5964
226	 P	9000	1065
227	 P	9040	293
228	 P	9080	345
229	 P	9120	313
230	 P	9160	1183
231	 P	9200	309
232	 P	9240	380
233	 P	9280	274
234	 P	9320	1039
235	 P	9360	285
236	 P	9400	351
237	 P	9440	328
238	 P	9480	939
239	 P	9520	279
240	 P	9560	311
241	 P	9600	267
242	 P	9640	1068
243	 P	9680	273
244	 P	9720	318
245	 P	9760	278
246	 P	9800	1123
247	 P	9840	255
248	 P	9880	372
249	 P	9920	297
250	 P	9960	1066
251	 P	10000	299
252	 P	10040	376
253	 P	10080	228
254	 P	10120	555
255	 P	10160	320
256	 P	10200	336
257	 P	10240	5977
258	 P	10280	1238
259	 P	10320	306
260	 P	10360	397
261	 P	10400	357
262	 P	10440	917
263	 P	10480	326
264	 P	10520	351
265	 P	10560	258
266	 P	10600	988
267	 P	10640	323
268	 P	10680	427
269	 P	10720	347
270	 P	10760	985
271	 P	10800	269
272	 P	10840	392
273	 P	10880	317
274	 P	10920	956
275	 P	10960	277
276	 P	11000	375
277	 P	11040	302
278	 P	11080	1087
279	 P	11120	279
280	 P	11160	328
281	 P	11200	241
282	 P	11240	933
283	 P	11280	278
284	 P	11320	358
285	 P	11360	264
286	 P	11400	418
287	 P	11440	303
288	 P	11480	216
289	 P	11520	5940
290	 P	11560	987
291	 P	11600	255
292	 P	11640	385
293	 P	11680	343
294	 P	11720	1091
295	 P	11760	267
296	 P	11800	351
297	 P	11840	305
298	 P	11880	954
299	 P	11920	286
300	 P	11960	374
301	 P	12000	260
302	 P	12040	1147
303	 P	12080	297
304	 P	12120	340
305	 P	12160	268
306	 P	12200	1069
307	 P	12240	280
308	 P	12280	321
309	 P	12320	270
310	 P	12360	1242
311	 P	12400	241
312	 P	12440	397
313	 P	12480	276
314	 P	12520	1036
315	 P	12560	307
316	 P	12600	387
317	 P	12640	325
318	 P	12680	397
319	 P	12720	302
320	 P	12760	264
321	 P	12800	6066
322	 P	12840	1116
323	 P	12880	248
324	 P	12920	342
325	 P	12960	252
326	 P	13000	1054
327	 P	13040	249
328	 P	13080	315
329	 P	13120	253
330	 P	13160	890
331	 P	13200	286
332	 P	13240	328
333	 P	13280	217
334	 P	13320	911
335	 P	13360	259
336	 P	13400	319
337	 P	13440	252
338	 P	13480	1088
339	 P	13520	285
340	 P	13560	334
341	 P	13600	263
342	 P	13640	1026
343	 P	13680	264
344	 P	13720	300
345	 P	13760	228
346	 P	13800	1110
347	 P	13840	260
348	 P	13880	345
349	 P	13920	302
350	 P	13960	506
351	 P	14000	313
352	 P	14040	354
353	 P	14080	5843
354	 P	14120	1212
355	 P	14160	291
356	 P	14200	303
357	 P	14240	277
358	 P	14280	1007
359	 P	14320	305
360	 P	14360	286
361	 P	14400	246
362	 P	14440	1039
363	 P	14480	261
364	 P	14520	345
365	 P	14560	310
366	 P	14600	1035
367	 P	14640	340
368	 P	14680	333
369	 P	14720	263
370	 P	14760	1037
371	 P	14800	327
372	 P	14840	344
373	 P	14880	301
374	 P	14920	1090
375	 P	14960	309
376	 P	15000	309
377	 P	15040	246
378	 P	15080	1054
379	 P	15120	327
380	 P	15160	379
381	 P	15200	277
382	 P	15240	480
383	 P	15280	295
384	 P	15320	320
385	 P	15360	6454
386	 P	15400	1217
387	 P	15440	287
388	 P	15480	423
389	 P	15520	356
390	 P	15560	1194
391	 P	15600	299
392	 P	15640	401
393	 P	15680	332
394	 P	15720	1101
395	 P	15760	297
396	 P	15800	320
397	 P	15840	236
398	 P	15880	1088
399	 P	15920	258
400	 P	15960	336
401	 P	16000	253
402	 P	16040	1148
403	 P	16080	310
404	 P	16120	400
405	 P	16160	255
406	 P	16200	1107
407	 P	16240	253
408	 P	16280	347
409	 P	16320	271
410	 P	16360	1347
411	 P	16400	291
412	 P	16440	347
413	 P	16480	280
414	 P	16520	431
415	 P	16560	297
416	 P	16600	301
417	 P	16640	6495
418	 P	16680	1265
419	 P	16720	276
420	 P	16760	362
421	 P	16800	308
422	 P	16840	1149
423	 P	16880	362
424	 P	16920	363
425	 P	16960	250
426	 P	17000	1182
427	 P	17040	279
428	 P	17080	377
429	 P	17120	312
430	 P	17160	1186
431	 P	17200	314
432	 P	17240	351
433	 P	17280	292
434	 P	17320	1132
435	 P	17360	289
436	 P	17400	429
437	 P	17440	262
438	 P	17480	1257
439	 P	17520	284
440	 P	17560	400
441	 P	17600	253
442	 P	17640	1326
443	 P	17680	357
444	 P	17720	389
445	 P	17760	326
446	 P	17800	512
447	 P	17840	312
448	 P	17880	342
449	 P	17920	6481
450	 P	17960	1437
451	 P	18000	302
452	 P	18040	376
453	 P	18080	315
454	 P	18120	1328
455	 P	18160	300
456	 P	18200	413
457	 P	18240	351
458	 P	18280	1238
459	 P	18320	326
460	 P	18360	429
461	 P	18400	314
462	 P	18440	1369
463	 P	18480	371
464	 P	18520	444
465	 P	18560	356
466	 P	18600	1360
467	 P	18640	381
468	 P	18680	443
469	 P	18720	338
470	 P	18760	1546
471	 P	18800	385
472	 P	18840	450
473	 P	18880	440
474	 P	18920	1561
475	 P	18960	401
476	 P	19000	578
477	 P	19040	506
478	 P	19080	884
479	 P	19120	405
480	 P	19160	490
481	 P	19200	6164
482	 P	19240	1175
483	 P	19280	381
484	 P	19320	462
485	 P	19360	455
486	 P	19400	964
487	 P	19440	268
488	 P	19480	307
489	 P	19520	242
490	 P	19560	814
491	 P	19600	212
492	 P	19640	313
493	 P	19680	263
494	 P	19720	1015
495	 P	19760	246
496	 P	19800	316
497	 P	19840	272
498	 P	19880	908
499	 P	19920	233
500	 P	19960	342
501	 P	20000	261
502	 P	20040	1002
503	 P	20080	253
504	 P	20120	302
505	 P	20160	271
506	 P	20200	1023
507	 P	20240	232
508	 P	20280	381
509	 P	20320	213
510	 P	20360	473
511	 P	20400	256
512	 P	20440	281
513	 P	20480	5307
514	 P	20520	1093
515	 P	20560	275
516	 P	20600	331
517	 P	20640	295
518	 P	20680	906
519	 P	20720	265
520	 P	20760	314
521	 P	20800	250
522	 P	20840	940
523	 P	20880	252
524	 P	20920	289
525	 P	20960	255
526	 P	21000	881
527	 P	21040	273
528	 P	21080	317
529	 P	21120	267
530	 P	21160	858
531	 P	21200	312
532	 P	21240	339
533	 P	21280	233
534	 P	21320	908
535	 P	21360	287
536	 P	21400	358
537	 P	21440	224
538	 P	21480	1050
539	 P	21520	301
540	 P	21560	364
541	 P	21600	239
542	 P	21640	457
543	 P	21680	213
544	 P	21720	354
545	 P	21760	5463
546	 P	21800	853
547	 P	21840	241
548	 P	21880	302
549	 P	21920	261
550	 P	21960	851
551	 P	22000	286
552	 P	22040	290
553	 P	22080	204
554	 P	22120	898
555	 P	22160	273
556	 P	22200	301
557	 P	22240	221
558	 P	22280	980
559	 P	22320	279
560	 P	22360	328
561	 P	22400	255
562	 P	22440	991
563	 P	22480	248
564	 P	22520	302
565	 P	22560	254
566	 P	22600	974
567	 P	22640	255
568	 P	22680	348
569	 P	22720	255
570	 P	22760	1079
571	 P	22800	272
572	 P	22840	323
573	 P	22880	211
574	 P	22920	455
575	 P	22960	277
576	 P	23000	327
577	 P	23040	5801
578	 P	23080	942
579	 P	23120	220
580	 P	23160	315
581	 P	23200	187
582	 P	23240	1024
583	 P	23280	260
584	 P	23320	381
585	 P	23360	244
586	 P	23400	971
587	 P	23440	292
588	 P	23480	333
589	 P	23520	250
590	 P	23560	1104
591	 P	23600	262
592	 P	23640	330
593	 P	23680	253
594	 P	23720	971
595	 P	23760	307
596	 P	23800	298
597	 P	23840	254
598	 P	23880	944
599	 P	23920	302
600	 P	23960	329
601	 P	24000	275
602	 P	24040	929
603	 P	24080	246
604	 P	24120	312
605	 P	24160	216
606	 P	24200	487
607	 P	24240	247
608	 P	24280	269
609	 P	24320	5580
610	 P	24360	1149
611	 P	24400	254
612	 P	24440	340
613	 P	24480	255
614	 P	24520	938
615	 P	24560	226
616	 P	24600	344
617	 P	24640	251
618	 P	24680	965
619	 P	24720	264
620	 P	24760	293
621	 P	24800	239
622	 P	24840	1032
623	 P	24880	248
624	 P	24920	325
625	 P	24960	295
626	 P	25000	992
627	 P	25040	269
628	 P	25080	376
629	 P	25120	257
630	 P	25160	902
631	 P	25200	331
632	 P	25240	337
633	 P	25280	283
634	 P	25320	1029
635	 P	25360	256
636	 P	25400	325
637	 P	25440	241
638	 P	25480	400
639	 P	25520	274
640	 P	25560	333
641	 P	25600	5694
642	 P	25640	1130
643	 P	25680	266
644	 P	25720	250
645	 P	25760	230
646	 P	25800	1075
647	 P	25840	307
648	 P	25880	322
649	 P	25920	242
650	 P	25960	994
651	 P	26000	263
652	 P	26040	380
653	 P	26080	283
654	 P	26120	1132
655	 P	26160	283
656	 P	26200	381
657	 P	26240	264
658	 P	26280	1260
659	 P	26320	293
660	 P	26360	391
661	 P	26400	323
662	 P	26440	1318
663	 P	26480	380
664	 P	26520	520
665	 P	26560	337
666	 P	26600	1408
667	 P	26640	354
668	 P	26680	476
669	 P	26720	345
670	 P	26760	570
671	 P	26800	322
672	 P	26840	314
673	 P	26880	6040
674	 P	26920	1160
675	 P	26960	248
676	 P	27000	337
677	 P	27040	240
678	 P	27080	1095
679	 P	27120	311
680	 P	27160	377
681	 P	27200	228
682	 P	27240	1189
683	 P	27280	350
684	 P	27320	384
685	 P	27360	271
686	 P	27400	999
687	 P	27440	271
688	 P	27480	392
689	 P	27520	236
690	 P	27560	1079
691	 P	27600	278
692	 P	27640	358
693	 P	27680	242
694	 P	27720	1156
695	 P	27760	359
696	 P	27800	384
697	 P	27840	268
698	 P	27880	1090
699	 P	27920	346
700	 P	27960	368
701	 P	28000	280
702	 P	28040	570
703	 P	28080	297
704	 P	28120	370
705	 P	28160	5716
706	 P	28200	1094
707	 P	28240	236
708	 P	28280	344
709	 P	28320	283
710	 P	28360	1009
711	 P	28400	324
712	 P	28440	352
713	 P	28480	232
714	 P	28520	846
715	 P	28560	248
716	 P	28600	299
717	 P	28640	214
718	 P	28680	939
719	 P	28720	239
720	 P	28760	286
721	 P	28800	226
722	 P	28840	936
723	 P	28880	250
724	 P	28920	307
725	 P	28960	219
726	 P	29000	964
727	 P	29040	268
728	 P	29080	279
729	 P	29120	279
730	 P	29160	987
731	 P	29200	280
732	 P	29240	326
733	 P	29280	251
734	 P	29320	456
735	 P	29360	288
736	 P	29400	296
737	 P	29440	5789
738	 P	29480	1158
739	 P	29520	256
740	 P	29560	349
741	 P	29600	247
742	 P	29640	1058
743	 P	29680	319
744	 P	29720	326
745	 P	29760	300
746	 P	29800	919
747	 P	29840	245
748	 P	29880	334
749	 P	29920	263
750	 P	29960	1046
751	 P	30000	283
752	 P	30040	340
753	 P	30080	250
754	 P	30120	1030
755	 P	30160	291
756	 P	30200	348
757	 P	30240	292
758	 P	30280	1014
759	 P	30320	261
760	 P	30360	280
761	 P	30400	243
762	 P	30440	1034
763	 P	30480	252
764	 P	30520	302
765	 P	30560	235
766	 P	30600	443
767	 P	30640	298
768	 P	30680	300
769	 P	30720	5798
770	 P	30760	998
771	 P	30800	250
772	 P	30840	305
773	 P	30880	259
774	 P	30920	982
775	 P	30960	244
776	 P	31000	316
777	 P	31040	247
778	 P	31080	1055
779	 P	31120	273
780	 P	31160	329
781	 P	31200	272
782	 P	31240	1198
783	 P	31280	259
784	 P	31320	420
785	 P	31360	272
786	 P	31400	1000
787	 P	31440	299
788	 P	31480	425
789	 P	31520	316
790	 P	31560	1163
791	 P	31600	296
792	 P	31640	371
793	 P	31680	291
794	 P	31720	1138
795	 P	31760	310
796	 P	31800	385
797	 P	31840	252
798	 P	31880	490
799	 P	31920	339
800	 P	31960	336
801	 P	32000	5954
802	 P	32040	1140
803	 P	32080	265
804	 P	32120	381
805	 P	32160	297
806	 P	32200	1158
807	 P	32240	361
808	 P	32280	399
809	 P	32320	339
810	 P	32360	1177
811	 P	32400	351
812	 P	32440	345
813	 P	32480	272
814	 P	32520	1274
815	 P	32560	339
816	 P	32600	439
817	 P	32640	316
818	 P	32680	1265
819	 P	32720	407
820	 P	32760	420
821	 P	32800	364
822	 P	32840	1058
823	 P	32880	330
824	 P	32920	377
825	 P	32960	347
826	 P	33000	1014
827	 P	33040	326
828	 P	33080	356
829	 P	33120	309
830	 P	33160	465
831	 P	33200	285
832	 P	33240	298
833	 P	33280	5917
834	 P	33320	1136
835	 P	33360	250
836	 P	33400	356
837	 P	33440	291
838	 P	33480	816
839	 P	33520	303
840	 P	33560	344
841	 P	33600	255
842	 P	33640	1125
843	 P	33680	307
844	 P	33720	355
845	 P	33760	263
846	 P	33800	975
847	 P	33840	276
848	 P	33880	341
849	 P	33920	240
850	 P	33960	1013
851	 P	34000	274
852	 P	34040	375
853	 P	34080	270
854	 P	34120	986
855	 P	34160	249
856	 P	34200	279
857	 P	34240	314
858	 P	34280	1087
859	 P	34320	323
860	 P	34360	319
861	 P	34400	259
862	 P	34440	399
863	 P	34480	296
864	 P	34520	340
865	 P	34560	5957
866	 P	34600	887
867	 P	34640	260
868	 P	34680	332
869	 P	34720	218
870	 P	34760	1098
871	 P	34800	306
872	 P	34840	334
873	 P	34880	292
874	 P	34920	909
875	 P	34960	260
876	 P	35000	307
877	 P	35040	265
878	 P	35080	989
879	 P	35120	243
880	 P	35160	307
881	 P	35200	280
882	 P	35240	989
883	 P	35280	267
884	 P	35320	361
885	 P	35360	292
886	 P	35400	995
887	 P	35440	299
888	 P	35480	369
889	 P	35520	281
890	 P	35560	1105
891	 P	35600	252
892	 P	35640	291
893	 P	35680	292
894	 P	35720	417
895	 P	35760	280
896	 P	35800	300
897	 P	35840	5987
898	 P	35880	976
899	 P	35920	258
900	 P	35960	367
901	 P	36000	248
902	 P	36040	1057
903	 P	36080	310
904	 P	36120	321
905	 P	36160	265
906	 P	36200	1117
907	 P	36240	320
908	 P	36280	350
909	 P	36320	295
910	 P	36360	1263
911	 P	36400	336
912	 P	36440	427
913	 P	36480	317
914	 P	36520	1218
915	 P	36560	342
916	 P	36600	422
917	 P	36640	347
918	 P	36680	1071
919	 P	36720	338
920	 P	36760	400
921	 P	36800	351
922	 P	36840	956
923	 P	36880	266
924	 P	36920	297
925	 P	36960	269
926	 P	37000	497
927	 P	37040	279
928	 P	37080	345
929	 P	37120	5687
930	 P	37160	1072
931	 P	37200	333
932	 P	37240	409
933	 P	37280	336
934	 P	37320	1048
935	 P	37360	286
936	 P	37400	361
937	 P	37440	314
938	 P	37480	1039
939	 P	37520	302
940	 P	37560	370
941	 P	37600	291
942	 P	37640	1006
943	 P	37680	319
944	 P	37720	374
945	 P	37760	293
946	 P	37800	1052
947	 P	37840	297
948	 P	37880	336
949	 P	37920	323
950	 P	37960	1162
951	 P	38000	360
952	 P	38040	380
953	 P	38080	326
954	 P	38120	1127
955	 P	38160	382
956	 P	38200	336
957	 P	38240	297
958	 P	38280	462
959	 P	38320	277
960	 P	38360	322
961	 P	38400	5900
962	 P	38440	990
963	 P	38480	327
964	 P	38520	349
965	 P	38560	323
966	 P	38600	1163
967	 P	38640	294
968	 P	38680	330
969	 P	38720	315
970	 P	38760	1115
971	 P	38800	290
972	 P	38840	339
973	 P	38880	296
974	 P	38920	982
975	 P	38960	268
976	 P	39000	281
977	 P	39040	289
978	 P	39080	1102
979	 P	39120	301
980	 P	39160	311
981	 P	39200	286
982	 P	39240	1089
983	 P	39280	318
984	 P	39320	339
985	 P	39360	256
986	 P	39400	1039
987	 P	39440	274
988	 P	39480	334
989	 P	39520	251
990	 P	39560	434
991	 P	39600	228
992	 P	39640	301
993	 P	39680	6041
994	 P	39720	898
995	 P	39760	250
996	 P	39800	289
997	 P	39840	290
998	 P	39880	997
999	 P	39920	261
1000	 P	39960	328
1001	 P	40000	269
1002	 P	40040	1056
1003	 P	40080	279
1004	 P	40120	340
1005	 P	40160	292
1006	 P	40200	1140
1007	 P	40240	294
1008	 P	40280	306
1009	 P	40320	222
1010	 P	40360	1067
1011	 P	40400	251
1012	 P	40440	269
1013	 P	40480	203
1014	 P	40520	948
1015	 P	40560	280
1016	 P	40600	281
1017	 P	40640	237
1018	 P	40680	1101
1019	 P	40720	269
1020	 P	40760	302
1021	 P	40800	222
1022	 P	40840	358
1023	 P	40880	249
1024	 P	40920	290
1025	 P	40960	6297
1026	 P	41000	1193
1027	 P	41040	307
1028	 P	41080	299
1029	 P	41120	276
1030	 P	41160	1152
1031	 P	41200	297
1032	 P	41240	343
1033	 P	41280	289
1034	 P	41320	1201
1035	 P	41360	322
1036	 P	41400	396
1037	 P	41440	321
1038	 P	41480	1462
1039	 P	41520	391
1040	 P	41560	463
1041	 P	41600	366
1042	 P	41640	1531
1043	 P	41680	399
1044	 P	41720	476
1045	 P	41760	414
1046	 P	41800	1807
1047	 P	41840	448
1048	 P	41880	613
1049	 P	41920	443
1050	 P	41960	1706
1051	 P	42000	442
1052	 P	42040	659
1053	 P	42080	475
1054	 P	42120	842
1055	 P	42160	497
1056	 P	42200	618
1057	 P	42240	6107
1058	 P	42280	1255
1059	 P	42320	384
1060	 P	42360	487
1061	 P	42400	283
1062	 P	42440	1139
1063	 P	42480	285
1064	 P	42520	310
1065	 P	42560	222
1066	 P	42600	1088
1067	 P	42640	279
1068	 P	42680	292
1069	 P	42720	222
1070	 P	42760	1011
1071	 P	42800	261
1072	 P	42840	290
1073	 P	42880	261
1074	 P	42920	1060
1075	 P	42960	253
1076	 P	43000	311
1077	 P	43040	311
1078	 P	43080	1162
1079	 P	43120	324
1080	 P	43160	365
1081	 P	43200	282
1082	 P	43240	1323
1083	 P	43280	297
1084	 P	43320	357
1085	 P	43360	305
1086	 P	43400	441
1087	 P	43440	314
1088	 P	43480	317
1089	 P	43520	6032
1090	 P	43560	1067
1091	 P	43600	337
1092	 P	43640	446
1093	 P	43680	368
1094	 P	43720	1058
1095	 P	43760	315
1096	 P	43800	438
1097	 P	43840	397
1098	 P	43880	1169
1099	 P	43920	353
1100	 P	43960	437
1101	 P	44000	340
1102	 P	44040	1119
1103	 P	44080	395
1104	 P	44120	409
1105	 P	44160	354
1106	 P	44200	1192
1107	 P	44240	395
1108	 P	44280	433
1109	 P	44320	353
1110	 P	44360	1240
1111	 P	44400	433
1112	 P	44440	527
1113	 P	44480	429
1114	 P	44520	1228
1115	 P	44560	441
1116	 P	44600	519
1117	 P	44640	432
1118	 P	44680	607
1119	 P	44720	551
1120	 P	44760	559
1121	 P	44800	5825
1122	 P	44840	1354
1123	 P	44880	442
1124	 P	44920	499
1125	 P	44960	398
1126	 P	45000	1178
1127	 P	45040	480
1128	 P	45080	508
1129	 P	45120	458
1130	 P	45160	1158
1131	 P	45200	415
1132	 P	45240	468
1133	 P	45280	374
1134	 P	45320	886
1135	 P	45360	351
1136	 P	45400	386
1137	 P	45440	221
1138	 P	45480	974
1139	 P	45520	258
1140	 P	45560	306
1141	 P	45600	242
1142	 P	45640	906
1143	 P	45680	258
1144	 P	45720	302
1145	 P	45760	241
1146	 P	45800	918
1147	 P	45840	284
1148	 P	45880	345
1149	 P	45920	272
1150	 P	45960	427
1151	 P	46000	250
1152	 P	46040	283
1153	 P	46080	5303
1154	 P	46120	933
1155	 P	46160	258
1156	 P	46200	306
1157	 P	46240	182
1158	 P	46280	883
1159	 P	46320	230
1160	 P	46360	306
1161	 P	46400	270
1162	 P	46440	966
1163	 P	46480	249
1164	 P	46520	296
1165	 P	46560	249
1166	 P	46600	1191
1167	 P	46640	351
1168	 P	46680	404
1169	 P	46720	302
1170	 P	46760	1052
1171	 P	46800	318
1172	 P	46840	424
1173	 P	46880	317
1174	 P	46920	1119
1175	 P	46960	352
1176	 P	47000	393
1177	 P	47040	265
1178	 P	47080	1226
1179	 P	47120	299
1180	 P	47160	393
1181	 P	47200	266
1182	 P	47240	525
1183	 P	47280	270
1184	 P	47320	298
1185	 P	47360	5801
1186	 P	47400	1131
1187	 P	47440	256
1188	 P	47480	390
1189	 P	47520	227
1190	 P	47560	1339
1191	 P	47600	269
1192	 P	47640	352
1193	 P	47680	315
1194	 P	47720	1213
1195	 P	47760	303
1196	 P	47800	388
1197	 P	47840	300
1198	 P	47880	1266
1199	 P	47920	303
1200	 P	47960	352
1201	 P	48000	292
1202	 P	48040	1297
1203	 P	48080	336
1204	 P	48120	397
1205	 P	48160	287
1206	 P	48200	1247
1207	 P	48240	307
1208	 P	48280	409
1209	 P	48320	342
1210	 P	48360	1576
1211	 P	48400	326
1212	 P	48440	396
1213	 P	48480	298
1214	 P	48520	500
1215	 P	48560	297
1216	 P	48600	306
1217	 P	48640	6090
1218	 P	48680	1219
1219	 P	48720	266
1220	 P	48760	409
1221	 P	48800	322
1222	 P	48840	2067
1223	 P	48880	335
1224	 P	48920	491
1225	 P	48960	566
1226	 P	49000	1866
1227	 P	49040	365
1228	 P	49080	473
1229	 P	49120	325
1230	 P	49160	2167
1231	 P	49200	408
1232	 P	49240	528
1233	 P	49280	386
1234	 P	49320	2258
1235	 P	49360	478
1236	 P	49400	594
1237	 P	49440	559
1238	 P	49480	2952
1239	 P	49520	592
1240	 P	49560	750
1241	 P	49600	588
1242	 P	49640	2969
1243	 P	49680	648
1244	 P	49720	995
1245	 P	49760	631
1246	 P	49800	1859
1247	 P	49840	796
1248	 P	49880	930
1249	 P	49920	5464
1250	 P	49960	2859
1251	 P	50000	859
1252	 P	50040	1135
1253	 P	50080	906
1254	 P	50120	2231
1255	 P	50160	678
1256	 P	50200	754
1257	 P	50240	581
1258	 P	50280	1751
1259	 P	50320	497
1260	 P	50360	619
1261	 P	50400	472
1262	 P	50440	1544
1263	 P	50480	425
1264	 P	50520	598
1265	 P	50560	521
1266	 P	50600	1787
1267	 P	50640	570
1268	 P	50680	691
1269	 P	50720	492
1270	 P	50760	2119
1271	 P	50800	575
1272	 P	50840	642
1273	 P	50880	498
1274	 P	50920	2148
1275	 P	50960	355
1276	 P	51000	354
1277	 P	51040	226
1278	 P	51080	527
1279	 P	51120	206
1280	 P	51160	258
1281	 P	51200	4186
1282	 P	51240	667
1283	 P	51280	220
1284	 P	51320	261
1285	 P	51360	181
1286	 P	51400	757
1287	 P	51440	182
1288	 P	51480	249
1289	 P	51520	176
1290	 P	51560	764
1291	 P	51600	193
1292	 P	51640	276
1293	 P	51680	194
1294	 P	51720	715
1295	 P	51760	231
1296	 P	51800	252
1297	 P	51840	220
1298	 P	51880	698
1299	 P	51920	173
1300	 P	51960	209
1301	 P	52000	169
1302	 P	52040	568
1303	 P	52080	156
1304	 P	52120	201
1305	 P	52160	135
1306	 P	52200	672
1307	 P	52240	193
1308	 P	52280	204
1309	 P	52320	151
1310	 P	52360	244
1311	 P	52400	147
1312	 P	52440	237
1313	 P	52480	4250
1314	 P	52520	605
1315	 P	52560	199
1316	 P	52600	197
1317	 P	52640	200
1318	 P	52680	658
1319	 P	52720	207
1320	 P	52760	235
1321	 P	52800	189
1322	 P	52840	556
1323	 P	52880	200
1324	 P	52920	217
1325	 P	52960	172
1326	 P	53000	627
1327	 P	53040	198
1328	 P	53080	295
1329	 P	53120	155
1330	 P	53160	694
1331	 P	53200	180
1332	 P	53240	218
1333	 P	53280	186
1334	 P	53320	723
1335	 P	53360	218
1336	 P	53400	228
1337	 P	53440	217
1338	 P	53480	771
1339	 P	53520	210
1340	 P	53560	250
1341	 P	53600	202
1342	 P	53640	314
1343	 P	53680	171
1344	 P	53720	186
1345	 P	53760	4254
1346	 P	53800	609
1347	 P	53840	172
1348	 P	53880	221
1349	 P	53920	223
1350	 P	53960	625
1351	 P	54000	218
1352	 P	54040	223
1353	 P	54080	190
1354	 P	54120	662
1355	 P	54160	224
1356	 P	54200	235
1357	 P	54240	240
1358	 P	54280	694
1359	 P	54320	250
1360	 P	54360	229
1361	 P	54400	247
1362	 P	54440	756
1363	 P	54480	264
1364	 P	54520	291
1365	 P	54560	217
1366	 P	54600	724
1367	 P	54640	208
1368	 P	54680	212
1369	 P	54720	230
1370	 P	54760	740
1371	 P	54800	222
1372	 P	54840	241
1373	 P	54880	219
1374	 P	54920	319
1375	 P	54960	194
1376	 P	55000	219
1377	 P	55040	4459
1378	 P	55080	534
1379	 P	55120	162
1380	 P	55160	218
1381	 P	55200	219
1382	 P	55240	641
1383	 P	55280	188
1384	 P	55320	196
1385	 P	55360	170
1386	 P	55400	661
1387	 P	55440	173
1388	 P	55480	191
1389	 P	55520	169
1390	 P	55560	644
1391	 P	55600	192
1392	 P	55640	202
1393	 P	55680	140
1394	 P	55720	608
1395	 P	55760	161
1396	 P	55800	208
1397	 P	55840	211
1398	 P	55880	681
1399	 P	55920	214
1400	 P	55960	246
1401	 P	56000	190
1402	 P	56040	622
1403	 P	56080	199
1404	 P	56120	251
1405	 P	56160	199
1406	 P	56200	328
1407	 P	56240	192
1408	 P	56280	187
1409	 P	56320	4591
1410	 P	56360	586
1411	 P	56400	173
1412	 P	56440	164
1413	 P	56480	145
1414	 P	56520	651
1415	 P	56560	244
1416	 P	56600	195
1417	 P	56640	178
1418	 P	56680	740
1419	 P	56720	200
1420	 P	56760	236
1421	 P	56800	221
1422	 P	56840	691
1423	 P	56880	263
1424	 P	56920	262
1425	 P	56960	207
1426	 P	57000	750
1427	 P	57040	226
1428	 P	57080	221
1429	 P	57120	175
1430	 P	57160	717
1431	 P	57200	242
1432	 P	57240	255
1433	 P	57280	239
1434	 P	57320	885
1435	 P	57360	293
1436	 P	57400	374
1437	 P	57440	295
1438	 P	57480	511
1439	 P	57520	288
1440	 P	57560	290
1441	 P	57600	5206
1442	 P	57640	878
1443	 P	57680	317
1444	 P	57720	339
1445	 P	57760	266
1446	 P	57800	791
1447	 P	57840	299
1448	 P	57880	343
1449	 P	57920	280
1450	 P	57960	824
1451	 P	58000	331
1452	 P	58040	380
1453	 P	58080	320
1454	 P	58120	830
1455	 P	58160	360
1456	 P	58200	344
1457	 P	58240	295
1458	 P	58280	880
1459	 P	58320	320
1460	 P	58360	305
1461	 P	58400	281
1462	 P	58440	810
1463	 P	58480	329
1464	 P	58520	358
1465	 P	58560	299
1466	 P	58600	799
1467	 P	58640	263
1468	 P	58680	301
1469	 P	58720	263
1470	 P	58760	382
1471	 P	58800	329
1472	 P	58840	292
1473	 P	58880	5467
1474	 P	58920	997
1475	 P	58960	322
1476	 P	59000	341
1477	 P	59040	257
1478	 P	59080	938
1479	 P	59120	226
1480	 P	59160	312
1481	 P	59200	241
1482	 P	59240	837
1483	 P	59280	248
1484	 P	59320	342
1485	 P	59360	273
1486	 P	59400	892
1487	 P	59440	245
1488	 P	59480	282
1489	 P	59520	270
1490	 P	59560	865
1491	 P	59600	266
1492	 P	59640	299
1493	 P	59680	234
1494	 P	59720	883
1495	 P	59760	228
1496	 P	59800	314
1497	 P	59840	280
1498	 P	59880	878
1499	 P	59920	236
1500	 P	59960	325
1501	 P	60000	321
1502	 P	60040	300
1503	 P	60080	256
1504	 P	60120	257
1505	 P	60160	5363
1506	 P	60200	798
1507	 P	60240	225
1508	 P	60280	263
1509	 P	60320	266
1510	 P	60360	843
1511	 P	60400	267
1512	 P	60440	265
1513	 P	60480	223
1514	 P	60520	740
1515	 P	60560	229
1516	 P	60600	274
1517	 P	60640	235
1518	 P	60680	796
1519	 P	60720	207
1520	 P	60760	236
1521	 P	60800	215
1522	 P	60840	776
1523	 P	60880	217
1524	 P	60920	267
1525	 P	60960	221
1526	 P	61000	699
1527	 P	61040	219
1528	 P	61080	251
1529	 P	61120	247
1530	 P	61160	819
1531	 P	61200	184
1532	 P	61240	255
1533	 P	61280	239
1534	 P	61320	257
1535	 P	61360	181
1536	 P	61400	217
1537	 P	61440	5419
1538	 P	61480	713
1539	 P	61520	153
1540	 P	61560	167
1541	 P	61600	184
1542	 P	61640	777
1543	 P	61680	209
1544	 P	61720	223
1545	 P	61760	172
1546	 P	61800	732
1547	 P	61840	195
1548	 P	61880	227
1549	 P	61920	214
1550	 P	61960	657
1551	 P	62000	190
1552	 P	62040	268
1553	 P	62080	223
1554	 P	62120	775
1555	 P	62160	239
1556	 P	62200	244
1557	 P	62240	180
1558	 P	62280	696
1559	 P	62320	251
1560	 P	62360	209
1561	 P	62400	230
1562	 P	62440	875
1563	 P	62480	205
1564	 P	62520	162
1565	 P	62560	152
1566	 P	62600	232
1567	 P	62640	190
1568	 P	62680	182
1569	 P	62720	5817
1570	 P	62760	779
1571	 P	62800	198
1572	 P	62840	202
1573	 P	62880	197
1574	 P	62920	638
1575	 P	62960	180
1576	 P	63000	205
1577	 P	63040	196
1578	 P	63080	702
1579	 P	63120	222
1580	 P	63160	249
1581	 P	63200	198
1582	 P	63240	804
1583	 P	63280	210
1584	 P	63320	255
1585	 P	63360	194
1586	 P	63400	729
1587	 P	63440	250
1588	 P	63480	264
1589	 P	63520	191
1590	 P	63560	826
1591	 P	63600	247
1592	 P	63640	296
1593	 P	63680	226
1594	 P	63720	863
1595	 P	63760	272
1596	 P	63800	323
1597	 P	63840	312
1598	 P	63880	291
1599	 P	63920	259
1600	 P	63960	286
1601	 P	64000	5711
1602	 P	64040	888
1603	 P	64080	231
1604	 P	64120	212
1605	 P	64160	209
1606	 P	64200	961
1607	 P	64240	203
1608	 P	64280	195
1609	 P	64320	177
1610	 P	64360	838
1611	 P	64400	231
1612	 P	64440	232
1613	 P	64480	186
1614	 P	64520	806
1615	 P	64560	196
1616	 P	64600	235
1617	 P	64640	154
1618	 P	64680	813
1619	 P	64720	203
1620	 P	64760	224
1621	 P	64800	190
1622	 P	64840	740
1623	 P	64880	188
1624	 P	64920	217
1625	 P	64960	164
1626	 P	65000	838
1627	 P	65040	173
1628	 P	65080	267
1629	 P	65120	231
1630	 P	65160	303
1631	 P	65200	201
1632	 P	65240	238
1633	 P	65280	6164
1634	 P	65320	882
1635	 P	65360	259
1636	 P	65400	267
1637	 P	65440	154
1638	 P	65480	947
1639	 P	65520	230
1640	 P	65560	219
1641	 P	65600	170
1642	 P	65640	865
1643	 P	65680	221
1644	 P	65720	247
1645	 P	65760	172
1646	 P	65800	811
1647	 P	65840	167
1648	 P	65880	257
1649	 P	65920	191
1650	 P	65960	898
1651	 P	66000	205
1652	 P	66040	236
1653	 P	66080	202
1654	 P	66120	856
1655	 P	66160	236
1656	 P	66200	229
1657	 P	66240	209
1658	 P	66280	766
1659	 P	66320	234
1660	 P	66360	268
1661	 P	66400	202
1662	 P	66440	376
1663	 P	66480	192
1664	 P	66520	170
1665	 P	66560	6183
1666	 P	66600	955
1667	 P	66640	198
1668	 P	66680	240
1669	 P	66720	273
1670	 P	66760	860
1671	 P	66800	262
1672	 P	66840	209
1673	 P	66880	211
1674	 P	66920	802
1675	 P	66960	201
1676	 P	67000	251
1677	 P	67040	215
1678	 P	67080	915
1679	 P	67120	219
1680	 P	67160	281
1681	 P	67200	241
1682	 P	67240	1071
1683	 P	67280	263
1684	 P	67320	236
1685	 P	67360	182
1686	 P	67400	1000
1687	 P	67440	238
1688	 P	67480	239
1689	 P	67520	223
1690	 P	67560	960
1691	 P	67600	222
1692	 P	67640	259
1693	 P	67680	232
1694	 P	67720	388
1695	 P	67760	237
1696	 P	67800	292
1697	 P	67840	6467
1698	 P	67880	786
1699	 P	67920	175
1700	 P	67960	237
1701	 P	68000	313
1702	 P	68040	841
1703	 P	68080	254
1704	 P	68120	257
1705	 P	68160	214
1706	 P	68200	873
1707	 P	68240	254
1708	 P	68280	276
1709	 P	68320	224
1710	 P	68360	1040
1711	 P	68400	272
1712	 P	68440	265
1713	 P	68480	239
1714	 P	68520	965
1715	 P	68560	290
1716	 P	68600	339
1717	 P	68640	266
1718	 P	68680	1137
1719	 P	68720	269
1720	 P	68760	288
1721	 P	68800	297
1722	 P	68840	1207
1723	 P	68880	324
1724	 P	68920	337
1725	 P	68960	275
1726	 P	69000	513
1727	 P	69040	308
1728	 P	69080	383
1729	 P	69120	6201
1730	 P	69160	1251
1731	 P	69200	288
1732	 P	69240	388
1733	 P	69280	329
1734	 P	69320	1098
1735	 P	69360	378
1736	 P	69400	374
1737	 P	69440	292
1738	 P	69480	1165
1739	 P	69520	331
1740	 P	69560	365
1741	 P	69600	296
1742	 P	69640	1339
1743	 P	69680	341
1744	 P	69720	403
1745	 P	69760	288
1746	 P	69800	1204
1747	 P	69840	349
1748	 P	69880	403
1749	 P	69920	328
1750	 P	69960	1305
1751	 P	70000	422
1752	 P	70040	391
1753	 P	70080	350
1754	 P	70120	933
1755	 P	70160	329
1756	 P	70200	292
1757	 P	70240	238
1758	 P	70280	290
1759	 P	70320	249
1760	 P	70360	213
1761	 P	70400	6065
1762	 P	70440	885
1763	 P	70480	169
1764	 P	70520	218
1765	 P	70560	173
1766	 P	70600	837
1767	 P	70640	228
1768	 P	70680	267
1769	 P	70720	216
1770	 P	70760	869
1771	 P	70800	233
1772	 P	70840	213
1773	 P	70880	229
1774	 P	70920	919
1775	 P	70960	219
1776	 P	71000	198
1777	 P	71040	201
1778	 P	71080	923
1779	 P	71120	230
1780	 P	71160	211
1781	 P	71200	219
1782	 P	71240	768
1783	 P	71280	248
1784	 P	71320	254
1785	 P	71360	218
1786	 P	71400	849
1787	 P	71440	233
1788	 P	71480	263
1789	 P	71520	209
1790	 P	71560	315
1791	 P	71600	235
1792	 P	71640	238
1793	 P	71680	6546
1794	 P	71720	961
1795	 P	71760	261
1796	 P	71800	281
1797	 P	71840	270
1798	 P	71880	1012
1799	 P	71920	219
1800	 P	71960	244
1801	 P	72000	225
1802	 P	72040	830
1803	 P	72080	175
1804	 P	72120	221
1805	 P	72160	152
1806	 P	72200	986
1807	 P	72240	170
1808	 P	72280	218
1809	 P	72320	220
1810	 P	72360	945
1811	 P	72400	224
1812	 P	72440	224
1813	 P	72480	195
1814	 P	72520	934
1815	 P	72560	213
1816	 P	72600	214
1817	 P	72640	180
1818	 P	72680	865
1819	 P	72720	216
1820	 P	72760	211
1821	 P	72800	173
1822	 P	72840	297
1823	 P	72880	207
1824	 P	72920	205
1825	 P	72960	6538
1826	 P	73000	873
1827	 P	73040	171
1828	 P	73080	251
1829	 P	73120	190
1830	 P	73160	817
1831	 P	73200	221
1832	 P	73240	224
1833	 P	73280	185
1834	 P	73320	708
1835	 P	73360	196
1836	 P	73400	243
1837	 P	73440	218
1838	 P	73480	968
1839	 P	73520	180
1840	 P	73560	225
1841	 P	73600	189
1842	 P	73640	1060
1843	 P	73680	270
1844	 P	73720	264
1845	 P	73760	227
1846	 P	73800	1073
1847	 P	73840	216
1848	 P	73880	239
1849	 P	73920	249
1850	 P	73960	1127
1851	 P	74000	241
1852	 P	74040	273
1853	 P	74080	211
1854	 P	74120	318
1855	 P	74160	278
1856	 P	74200	266
1857	 P	74240	6552
1858	 P	74280	996
1859	 P	74320	205
1860	 P	74360	225
1861	 P	74400	195
1862	 P	74440	935
1863	 P	74480	266
1864	 P	74520	263
1865	 P	74560	184
1866	 P	74600	982
1867	 P	74640	241
1868	 P	74680	272
1869	 P	74720	174
1870	 P	74760	1095
1871	 P	74800	292
1872	 P	74840	312
1873	 P	74880	324
1874	 P	74920	1025
1875	 P	74960	290
1876	 P	75000	303
1877	 P	75040	228
1878	 P	75080	1016
1879	 P	75120	225
1880	 P	75160	275
1881	 P	75200	251
1882	 P	75240	1020
1883	 P	75280	210
1884	 P	75320	245
1885	 P	75360	154
1886	 P	75400	293
1887	 P	75440	198
1888	 P	75480	202
1889	 P	75520	6788
1890	 P	75560	1079
1891	 P	75600	251
1892	 P	75640	200
1893	 P	75680	158
1894	 P	75720	878
1895	 P	75760	216
1896	 P	75800	272
1897	 P	75840	219
1898	 P	75880	985
1899	 P	75920	317
1900	 P	75960	292
1901	 P	76000	257
1902	 P	76040	1078
1903	 P	76080	224
1904	 P	76120	194
1905	 P	76160	169
1906	 P	76200	977
1907	 P	76240	212
1908	 P	76280	292
1909	 P	76320	260
1910	 P	76360	958
1911	 P	76400	223
1912	 P	76440	221
1913	 P	76480	247
1914	 P	76520	1178
1915	 P	76560	257
1916	 P	76600	272
1917	 P	76640	247
1918	 P	76680	334
1919	 P	76720	177
1920	 P	76760	229
1921	 P	76800	7279
1922	 P	76840	1238
1923	 P	76880	247
1924	 P	76920	260
1925	 P	76960	249
1926	 P	77000	1236
1927	 P	77040	277
1928	 P	77080	280
1929	 P	77120	152
1930	 P	77160	1224
1931	 P	77200	212
1932	 P	77240	272
1933	 P	77280	192
1934	 P	77320	1334
1935	 P	77360	225
1936	 P	77400	232
1937	 P	77440	191
1938	 P	77480	1142
1939	 P	77520	238
1940	 P	77560	249
1941	 P	77600	233
1942	 P	77640	1372
1943	 P	77680	263
1944	 P	77720	278
1945	 P	77760	273
1946	 P	77800	1421
1947	 P	77840	244
1948	 P	77880	281
1949	 P	77920	215
1950	 P	77960	385
1951	 P	78000	253
1952	 P	78040	307
1953	 P	78080	7482
1954	 P	78120	1303
1955	 P	78160	244
1956	 P	78200	320
1957	 P	78240	297
1958	 P	78280	1714
1959	 P	78320	288
1960	 P	78360	322
1961	 P	78400	244
1962	 P	78440	1482
1963	 P	78480	298
1964	 P	78520	361
1965	 P	78560	285
1966	 P	78600	1950
1967	 P	78640	506
1968	 P	78680	428
1969	 P	78720	327
1970	 P	78760	1713
1971	 P	78800	375
1972	 P	78840	397
1973	 P	78880	328
1974	 P	78920	1603
1975	 P	78960	316
1976	 P	79000	425
1977	 P	79040	291
1978	 P	79080	1609
1979	 P	79120	358
1980	 P	79160	432
1981	 P	79200	316
1982	 P	79240	702
1983	 P	79280	353
1984	 P	79320	411
1985	 P	79360	7258
1986	 P	79400	1480
1987	 P	79440	330
1988	 P	79480	422
1989	 P	79520	378
1990	 P	79560	1503
1991	 P	79600	386
1992	 P	79640	558
1993	 P	79680	449
1994	 P	79720	1126
1995	 P	79760	405
1996	 P	79800	538
1997	 P	79840	450
1998	 P	79880	685
1999	 P	79920	439
2000	 P	79960	443
2001	 P	80000	5412
2002	 P	80040	967
2003	 P	80080	309
2004	 P	80120	371
2005	 P	80160	281
2006	 P	80200	829
2007	 P	80240	306
2008	 P	80280	315
2009	 P	80320	212
2010	 P	80360	874
2011	 P	80400	301
2012	 P	80440	303
2013	 P	80480	233
2014	 P	80520	936
2015	 P	80560	238
2016	 P	80600	275
2017	 P	80640	228
2018	 P	80680	937
2019	 P	80720	269
2020	 P	80760	340
2021	 P	80800	280
2022	 P	80840	898
2023	 P	80880	267
2024	 P	80920	285
2025	 P	80960	252
2026	 P	81000	1037
2027	 P	81040	240
2028	 P	81080	339
2029	 P	81120	262
2030	 P	81160	426
2031	 P	81200	281
2032	 P	81240	309
2033	 P	81280	5682
2034	 P	81320	1028
2035	 P	81360	273
2036	 P	81400	338
2037	 P	81440	252
2038	 P	81480	852
2039	 P	81520	288
2040	 P	81560	363
2041	 P	81600	274
2042	 P	81640	837
2043	 P	81680	240
2044	 P	81720	280
2045	 P	81760	240
2046	 P	81800	848
2047	 P	81840	248
2048	 P	81880	275
2049	 P	81920	276
2050	 P	81960	865
2051	 P	82000	257
2052	 P	82040	300
2053	 P	82080	256
2054	 P	82120	922
2055	 P	82160	253
2056	 P	82200	329
2057	 P	82240	218
2058	 P	82280	836
2059	 P	82320	239
2060	 P	82360	290
2061	 P	82400	281
2062	 P	82440	348
2063	 P	82480	316
2064	 P	82520	306
2065	 P	82560	5905
2066	 P	82600	1062
2067	 P	82640	234
2068	 P	82680	318
2069	 P	82720	273
2070	 P	82760	988
2071	 P	82800	309
2072	 P	82840	375
2073	 P	82880	274
2074	 P	82920	979
2075	 P	82960	279
2076	 P	83000	360
2077	 P	83040	277
2078	 P	83080	940
2079	 P	83120	276
2080	 P	83160	332
2081	 P	83200	271
2082	 P	83240	955
2083	 P	83280	238
2084	 P	83320	310
2085	 P	83360	256
2086	 P	83400	973
2087	 P	83440	282
2088	 P	83480	364
2089	 P	83520	275
2090	 P	83560	1083
2091	 P	83600	261
2092	 P	83640	373
2093	 P	83680	272
2094	 P	83720	592
2095	 P	83760	323
2096	 P	83800	341
2097	 P	83840	5994
2098	 P	83880	1263
2099	 P	83920	304
2100	 P	83960	398
2101	 P	84000	343
2102	 P	84040	1142
2103	 P	84080	257
2104	 P	84120	358
2105	 P	84160	313
2106	 P	84200	1157
2107	 P	84240	278
2108	 P	84280	364
2109	 P	84320	296
2110	 P	84360	972
2111	 P	84400	314
2112	 P	84440	397
2113	 P	84480	284
2114	 P	84520	984
2115	 P	84560	290
2116	 P	84600	371
2117	 P	84640	362
2118	 P	84680	1025
2119	 P	84720	264
2120	 P	84760	305
2121	 P	84800	261
2122	 P	84840	905
2123	 P	84880	228
2124	 P	84920	273
2125	 P	84960	272
2126	 P	85000	419
2127	 P	85040	271
2128	 P	85080	291
2129	 P	85120	5983
2130	 P	85160	1055
2131	 P	85200	293
2132	 P	85240	291
2133	 P	85280	270
2134	 P	85320	1003
2135	 P	85360	228
2136	 P	85400	351
2137	 P	85440	263
2138	 P	85480	987
2139	 P	85520	220
2140	 P	85560	321
2141	 P	85600	208
2142	 P	85640	923
2143	 P	85680	276
2144	 P	85720	347
2145	 P	85760	250
2146	 P	85800	1154
2147	 P	85840	317
2148	 P	85880	334
2149	 P	85920	263
2150	 P	85960	981
2151	 P	86000	294
2152	 P	86040	357
2153	 P	86080	280
2154	 P	86120	988
2155	 P	86160	305
2156	 P	86200	391
2157	 P	86240	306
2158	 P	86280	430
2159	 P	86320	277
2160	 P	86360	315
2161	 P	86400	6005
2162	 P	86440	892
2163	 P	86480	232
2164	 P	86520	316
2165	 P	86560	288
2166	 P	86600	870
2167	 P	86640	293
2168	 P	86680	289
2169	 P	86720	224
2170	 P	86760	907
2171	 P	86800	256
2172	 P	86840	313
2173	 P	86880	286
2174	 P	86920	1111
2175	 P	86960	275
2176	 P	87000	348
2177	 P	87040	251
2178	 P	87080	990
2179	 P	87120	238
2180	 P	87160	338
2181	 P	87200	247
2182	 P	87240	874
2183	 P	87280	227
2184	 P	87320	345
2185	 P	87360	254
2186	 P	87400	1094
2187	 P	87440	278
2188	 P	87480	331
2189	 P	87520	275
2190	 P	87560	471
2191	 P	87600	272
2192	 P	87640	305
2193	 P	87680	6019
2194	 P	87720	1174
2195	 P	87760	262
2196	 P	87800	340
2197	 P	87840	311
2198	 P	87880	1006
2199	 P	87920	279
2200	 P	87960	317
2201	 P	88000	222
2202	 P	88040	1068
2203	 P	88080	248
2204	 P	88120	326
2205	 P	88160	198
2206	 P	88200	984
2207	 P	88240	229
2208	 P	88280	326
2209	 P	88320	265
2210	 P	88360	854
2211	 P	88400	301
2212	 P	88440	279
2213	 P	88480	217
2214	 P	88520	1154
2215	 P	88560	243
2216	 P	88600	294
2217	 P	88640	216
2218	 P	88680	1031
2219	 P	88720	276
2220	 P	88760	361
2221	 P	88800	252
2222	 P	88840	456
2223	 P	88880	308
2224	 P	88920	329
2225	 P	88960	5637
2226	 P	89000	921
2227	 P	89040	260
2228	 P	89080	328
2229	 P	89120	283
2230	 P	89160	1235
2231	 P	89200	297
2232	 P	89240	368
2233	 P	89280	263
2234	 P	89320	955
2235	 P	89360	266
2236	 P	89400	340
2237	 P	89440	315
2238	 P	89480	968
2239	 P	89520	260
2240	 P	89560	280
2241	 P	89600	245
2242	 P	89640	1018
2243	 P	89680	266
2244	 P	89720	335
2245	 P	89760	277
2246	 P	89800	1089
2247	 P	89840	273
2248	 P	89880	341
2249	 P	89920	277
2250	 P	89960	1047
2251	 P	90000	250
2252	 P	90040	324
2253	 P	90080	218
2254	 P	90120	465
2255	 P	90160	275
2256	 P	90200	290
2257	 P	90240	5777
2258	 P	90280	1109
2259	 P	90320	274
2260	 P	90360	386
2261	 P	90400	358
2262	 P	90440	932
2263	 P	90480	319
2264	 P	90520	353
2265	 P	90560	254
2266	 P	90600	975
2267	 P	90640	317
2268	 P	90680	370
2269	 P	90720	309
2270	 P	90760	982
2271	 P	90800	289
2272	 P	90840	373
2273	 P	90880	292
2274	 P	90920	958
2275	 P	90960	281
2276	 P	91000	361
2277	 P	91040	287
2278	 P	91080	975
2279	 P	91120	266
2280	 P	91160	294
2281	 P	91200	235
2282	 P	91240	873
2283	 P	91280	269
2284	 P	91320	312
2285	 P	91360	267
2286	 P	91400	396
2287	 P	91440	267
2288	 P	91480	264
2289	 P	91520	5760
2290	 P	91560	932
2291	 P	91600	265
2292	 P	91640	345
2293	 P	91680	283
2294	 P	91720	1047
2295	 P	91760	264
2296	 P	91800	345
2297	 P	91840	232
2298	 P	91880	973
2299	 P	91920	268
2300	 P	91960	412
2301	 P	92000	258
2302	 P	92040	1059
2303	 P	92080	302
2304	 P	92120	352
2305	 P	92160	256
2306	 P	92200	966
2307	 P	92240	275
2308	 P	92280	322
2309	 P	92320	229
2310	 P	92360	1193
2311	 P	92400	245
2312	 P	92440	326
2313	 P	92480	250
2314	 P	92520	1012
2315	 P	92560	276
2316	 P	92600	362
2317	 P	92640	310
2318	 P	92680	386
2319	 P	92720	279
2320	 P	92760	251
2321	 P	92800	5899
2322	 P	92840	941
2323	 P	92880	245
2324	 P	92920	320
2325	 P	92960	236
2326	 P	93000	1022
2327	 P	93040	265
2328	 P	93080	322
2329	 P	93120	276
2330	 P	93160	903
2331	 P	93200	281
2332	 P	93240	297
2333	 P	93280	218
2334	 P	93320	822
2335	 P	93360	228
2336	 P	93400	301
2337	 P	93440	208
2338	 P	93480	998
2339	 P	93520	274
2340	 P	93560	353
2341	 P	93600	259
2342	 P	93640	977
2343	 P	93680	269
2344	 P	93720	320
2345	 P	93760	275
2346	 P	93800	996
2347	 P	93840	275
2348	 P	93880	339
2349	 P	93920	264
2350	 P	93960	446
2351	 P	94000	294
2352	 P	94040	294
2353	 P	94080	5709
2354	 P	94120	1087
2355	 P	94160	275
2356	 P	94200	317
2357	 P	94240	234
2358	 P	94280	984
2359	 P	94320	303
2360	 P	94360	308
2361	 P	94400	216
2362	 P	94440	1051
2363	 P	94480	256
2364	 P	94520	345
2365	 P	94560	294
2366	 P	94600	960
2367	 P	94640	259
2368	 P	94680	359
2369	 P	94720	272
2370	 P	94760	1009
2371	 P	94800	324
2372	 P	94840	339
2373	 P	94880	303
2374	 P	94920	1018
2375	 P	94960	300
2376	 P	95000	308
2377	 P	95040	246
2378	 P	95080	1069
2379	 P	95120	314
2380	 P	95160	339
2381	 P	95200	271
2382	 P	95240	441
2383	 P	95280	260
2384	 P	95320	346
2385	 P	95360	6305
2386	 P	95400	1119
2387	 P	95440	259
2388	 P	95480	401
2389	 P	95520	342
2390	 P	95560	1122
2391	 P	95600	275
2392	 P	95640	385
2393	 P	95680	289
2394	 P	95720	1073
2395	 P	95760	296
2396	 P	95800	314
2397	 P	95840	253
2398	 P	95880	1100
2399	 P	95920	282
2400	 P	95960	351
2401	 P	96000	255
2402	 P	96040	1102
2403	 P	96080	265
2404	 P	96120	337
2405	 P	96160	268
2406	 P	96200	1084
2407	 P	96240	287
2408	 P	96280	345
2409	 P	96320	236
2410	 P	96360	1275
2411	 P	96400	263
2412	 P	96440	335
2413	 P	96480	282
2414	 P	96520	414
2415	 P	96560	285
2416	 P	96600	295
2417	 P	96640	6279
2418	 P	96680	1114
2419	 P	96720	249
2420	 P	96760	320
2421	 P	96800	248
2422	 P	96840	1176
2423	 P	96880	334
2424	 P	96920	383
2425	 P	96960	227
2426	 P	97000	1206
2427	 P	97040	286
2428	 P	97080	369
2429	 P	97120	294
2430	 P	97160	1234
2431	 P	97200	327
2432	 P	97240	358
2433	 P	97280	297
2434	 P	97320	1147
2435	 P	97360	296
2436	 P	97400	387
2437	 P	97440	266
2438	 P	97480	1162
2439	 P	97520	334
2440	 P	97560	366
2441	 P	97600	265
2442	 P	97640	1222
2443	 P	97680	361
2444	 P	97720	450
2445	 P	97760	300
2446	 P	97800	520
2447	 P	97840	317
2448	 P	97880	344
2449	 P	97920	6429
2450	 P	97960	1361
2451	 P	98000	268
2452	 P	98040	359
2453	 P	98080	272
2454	 P	98120	1397
2455	 P	98160	332
2456	 P	98200	397
2457	 P	98240	342
2458	 P	98280	1295
2459	 P	98320	337
2460	 P	98360	412
2461	 P	98400	298
2462	 P	98440	1388
2463	 P	98480	358
2464	 P	98520	460
2465	 P	98560	372
2466	 P	98600	1424
2467	 P	98640	408
2468	 P	98680	434
2469	 P	98720	373
2470	 P	98760	1582
2471	 P	98800	392
2472	 P	98840	476
2473	 P	98880	435
2474	 P	98920	1595
2475	 P	98960	454
2476	 P	99000	662
2477	 P	99040	468
2478	 P	99080	863
2479	 P	99120	457
2480	 P	99160	547
2481	 P	99200	6201
2482	 P	99240	1192
2483	 P	99280	371
2484	 P	99320	425
2485	 P	99360	421
2486	 P	99400	1088
2487	 P	99440	295
2488	 P	99480	293
2489	 P	99520	263
2490	 P	99560	921
2491	 P	99600	278
2492	 P	99640	349
2493	 P	99680	258
2494	 P	99720	1090
2495	 P	99760	244
2496	 P	99800	357
2497	 P	99840	309
2498	 P	99880	972
2499	 P	99920	253
2500	 P	99960	348
2501	 P	100000	266
2502	 P	100040	1066
2503	 P	100080	233
2504	 P	100120	338
2505	 P	100160	278
2506	 P	100200	1029
2507	 P	100240	235
2508	 P	100280	384
2509	 P	100320	257
2510	 P	100360	455
2511	 P	100400	301
2512	 P	100440	301
2513	 P	100480	5478
2514	 P	100520	1084
2515	 P	100560	266
2516	 P	100600	322
2517	 P	100640	269
2518	 P	100680	984
2519	 P	100720	279
2520	 P	100760	344
2521	 P	100800	228
2522	 P	100840	1013
2523	 P	100880	266
2524	 P	100920	306
2525	 P	100960	250
2526	 P	101000	914
2527	 P	101040	303
2528	 P	101080	353
2529	 P	101120	257
2530	 P	101160	922
2531	 P	101200	314
2532	 P	101240	349
2533	 P	101280	259
2534	 P	101320	912
2535	 P	101360	289
2536	 P	101400	362
2537	 P	101440	251
2538	 P	101480	1045
2539	 P	101520	272
2540	 P	101560	332
2541	 P	101600	241
2542	 P	101640	448
2543	 P	101680	241
2544	 P	101720	315
2545	 P	101760	5649
2546	 P	101800	926
2547	 P	101840	225
2548	 P	101880	292
2549	 P	101920	271
2550	 P	101960	869
2551	 P	102000	275
2552	 P	102040	273
2553	 P	102080	233
2554	 P	102120	903
2555	 P	102160	277
2556	 P	102200	329
2557	 P	102240	227
2558	 P	102280	975
2559	 P	102320	286
2560	 P	102360	358
2561	 P	102400	263
2562	 P	102440	986
2563	 P	102480	293
2564	 P	102520	341
2565	 P	102560	234
2566	 P	102600	1004
2567	 P	102640	256
2568	 P	102680	319
2569	 P	102720	223
2570	 P	102760	957
2571	 P	102800	267
2572	 P	102840	323
2573	 P	102880	235
2574	 P	102920	451
2575	 P	102960	329
2576	 P	103000	283
2577	 P	103040	5838
2578	 P	103080	950
2579	 P	103120	235
2580	 P	103160	316
2581	 P	103200	243
2582	 P	103240	995
2583	 P	103280	258
2584	 P	103320	358
2585	 P	103360	246
2586	 P	103400	1060
2587	 P	103440	299
2588	 P	103480	360
2589	 P	103520	271
2590	 P	103560	1066
2591	 P	103600	262
2592	 P	103640	342
2593	 P	103680	255
2594	 P	103720	898
2595	 P	103760	304
2596	 P	103800	287
2597	 P	103840	256
2598	 P	103880	939
2599	 P	103920	269
2600	 P	103960	310
2601	 P	104000	280
2602	 P	104040	854
2603	 P	104080	256
2604	 P	104120	311
2605	 P	104160	213
2606	 P	104200	435
2607	 P	104240	239
2608	 P	104280	294
2609	 P	104320	5664
2610	 P	104360	1067
2611	 P	104400	236
2612	 P	104440	361
2613	 P	104480	234
2614	 P	104520	883
2615	 P	104560	228
2616	 P	104600	343
2617	 P	104640	268
2618	 P	104680	964
2619	 P	104720	268
2620	 P	104760	307
2621	 P	104800	230
2622	 P	104840	1001
2623	 P	104880	245
2624	 P	104920	347
2625	 P	104960	289
2626	 P	105000	968
2627	 P	105040	238
2628	 P	105080	381
2629	 P	105120	267
2630	 P	105160	889
2631	 P	105200	321
2632	 P	105240	368
2633	 P	105280	269
2634	 P	105320	1004
2635	 P	105360	306
2636	 P	105400	347
2637	 P	105440	258
2638	 P	105480	401
2639	 P	105520	256
2640	 P	105560	320
2641	 P	105600	5652
2642	 P	105640	1113
2643	 P	105680	261
2644	 P	105720	259
2645	 P	105760	215
2646	 P	105800	1102
2647	 P	105840	286
2648	 P	105880	321
2649	 P	105920	245
2650	 P	105960	976
2651	 P	106000	277
2652	 P	106040	358
2653	 P	106080	310
2654	 P	106120	1168
2655	 P	106160	269
2656	 P	106200	400
2657	 P	106240	278
2658	 P	106280	1236
2659	 P	106320	296
2660	 P	106360	397
2661	 P	106400	327
2662	 P	106440	1319
2663	 P	106480	395
2664	 P	106520	509
2665	 P	106560	350
2666	 P	106600	1407
2667	 P	106640	363
2668	 P	106680	469
2669	 P	106720	350
2670	 P	106760	585
2671	 P	106800	290
2672	 P	106840	321
2673	 P	106880	6002
2674	 P	106920	1134
2675	 P	106960	238
2676	 P	107000	350
2677	 P	107040	263
2678	 P	107080	1103
2679	 P	107120	278
2680	 P	107160	349
2681	 P	107200	253
2682	 P	107240	1241
2683	 P	107280	378
2684	 P	107320	376
2685	 P	107360	259
2686	 P	107400	1017
2687	 P	107440	291
2688	 P	107480	383
2689	 P	107520	254
2690	 P	107560	1038
2691	 P	107600	280
2692	 P	107640	322
2693	 P	107680	230
2694	 P	107720	1182
2695	 P	107760	326
2696	 P	107800	363
2697	 P	107840	278
2698	 P	107880	1154
2699	 P	107920	354
2700	 P	107960	388
2701	 P	108000	253
2702	 P	108040	525
2703	 P	108080	299
2704	 P	108120	367
2705	 P	108160	5710
2706	 P	108200	1104
2707	 P	108240	239
2708	 P	108280	350
2709	 P	108320	283
2710	 P	108360	1045
2711	 P	108400	306
2712	 P	108440	369
2713	 P	108480	244
2714	 P	108520	900
2715	 P	108560	265
2716	 P	108600	289
2717	 P	108640	231
2718	 P	108680	922
2719	 P	108720	232
2720	 P	108760	281
2721	 P	108800	232
2722	 P	108840	970
2723	 P	108880	239
2724	 P	108920	317
2725	 P	108960	222
2726	 P	109000	967
2727	 P	109040	300
2728	 P	109080	279
2729	 P	109120	252
2730	 P	109160	984
2731	 P	109200	246
2732	 P	109240	358
2733	 P	109280	267
2734	 P	109320	407
2735	 P	109360	263
2736	 P	109400	313
2737	 P	109440	5749
2738	 P	109480	1108
2739	 P	109520	254
2740	 P	109560	349
2741	 P	109600	291
2742	 P	109640	1056
2743	 P	109680	304
2744	 P	109720	342
2745	 P	109760	292
2746	 P	109800	974
2747	 P	109840	271
2748	 P	109880	331
2749	 P	109920	280
2750	 P	109960	1040
2751	 P	110000	254
2752	 P	110040	313
2753	 P	110080	239
2754	 P	110120	1014
2755	 P	110160	291
2756	 P	110200	350
2757	 P	110240	293
2758	 P	110280	1093
2759	 P	110320	240
2760	 P	110360	320
2761	 P	110400	250
2762	 P	110440	1007
2763	 P	110480	240
2764	 P	110520	303
2765	 P	110560	259
2766	 P	110600	471
2767	 P	110640	260
2768	 P	110680	286
2769	 P	110720	5773
2770	 P	110760	982
2771	 P	110800	255
2772	 P	110840	297
2773	 P	110880	233
2774	 P	110920	967
2775	 P	110960	227
2776	 P	111000	312
2777	 P	111040	235
2778	 P	111080	1010
2779	 P	111120	251
2780	 P	111160	337
2781	 P	111200	264
2782	 P	111240	1212
2783	 P	111280	273
2784	 P	111320	376
2785	 P	111360	301
2786	 P	111400	1102
2787	 P	111440	291
2788	 P	111480	389
2789	 P	111520	293
2790	 P	111560	1175
2791	 P	111600	274
2792	 P	111640	405
2793	 P	111680	272
2794	 P	111720	1134
2795	 P	111760	309
2796	 P	111800	384
2797	 P	111840	219
2798	 P	111880	463
2799	 P	111920	338
2800	 P	111960	349
2801	 P	112000	5903
2802	 P	112040	1112
2803	 P	112080	247
2804	 P	112120	365
2805	 P	112160	280
2806	 P	112200	1182
2807	 P	112240	353
2808	 P	112280	413
2809	 P	112320	288
2810	 P	112360	1163
2811	 P	112400	324
2812	 P	112440	386
2813	 P	112480	292
2814	 P	112520	1388
2815	 P	112560	350
2816	 P	112600	414
2817	 P	112640	319
2818	 P	112680	1258
2819	 P	112720	372
2820	 P	112760	419
2821	 P	112800	356
2822	 P	112840	1116
2823	 P	112880	360
2824	 P	112920	367
2825	 P	112960	328
2826	 P	113000	976
2827	 P	113040	301
2828	 P	113080	344
2829	 P	113120	252
2830	 P	113160	449
2831	 P	113200	243
2832	 P	113240	333
2833	 P	113280	5918
2834	 P	113320	1127
2835	 P	113360	260
2836	 P	113400	351
2837	 P	113440	283
2838	 P	113480	844
2839	 P	113520	301
2840	 P	113560	320
2841	 P	113600	285
2842	 P	113640	1177
2843	 P	113680	298
2844	 P	113720	356
2845	 P	113760	270
2846	 P	113800	997
2847	 P	113840	252
2848	 P	113880	322
2849	 P	113920	243
2850	 P	113960	1003
2851	 P	114000	317
2852	 P	114040	332
2853	 P	114080	272
2854	 P	114120	969
2855	 P	114160	275
2856	 P	114200	270
2857	 P	114240	322
2858	 P	114280	1079
2859	 P	114320	319
2860	 P	114360	342
2861	 P	114400	277
2862	 P	114440	416
2863	 P	114480	287
2864	 P	114520	366
2865	 P	114560	5995
2866	 P	114600	927
2867	 P	114640	257
2868	 P	114680	347
2869	 P	114720	233
2870	 P	114760	1133
2871	 P	114800	305
2872	 P	114840	320
2873	 P	114880	299
2874	 P	114920	916
2875	 P	114960	274
2876	 P	115000	296
2877	 P	115040	266
2878	 P	115080	1030
2879	 P	115120	240
2880	 P	115160	327
2881	 P	115200	242
2882	 P	115240	1040
2883	 P	115280	287
2884	 P	115320	350
2885	 P	115360	255
2886	 P	115400	1081
2887	 P	115440	272
2888	 P	115480	354
2889	 P	115520	309
2890	 P	115560	1091
2891	 P	115600	252
2892	 P	115640	338
2893	 P	115680	297
2894	 P	115720	431
2895	 P	115760	263
2896	 P	115800	353
2897	 P	115840	6046
2898	 P	115880	940
2899	 P	115920	222
2900	 P	115960	325
2901	 P	116000	239
2902	 P	116040	1087
2903	 P	116080	305
2904	 P	116120	323
2905	 P	116160	260
2906	 P	116200	1123
2907	 P	116240	311
2908	 P	116280	359
2909	 P	116320	289
2910	 P	116360	1309
2911	 P	116400	343
2912	 P	116440	448
2913	 P	116480	308
2914	 P	116520	1225
2915	 P	116560	331
2916	 P	116600	437
2917	 P	116640	353
2918	 P	116680	1054
2919	 P	116720	381
2920	 P	116760	406
2921	 P	116800	342
2922	 P	116840	970
2923	 P	116880	273
2924	 P	116920	283
2925	 P	116960	264
2926	 P	117000	513
2927	 P	117040	271
2928	 P	117080	302
2929	 P	117120	5692
2930	 P	117160	1036
2931	 P	117200	315
2932	 P	117240	379
2933	 P	117280	338
2934	 P	117320	1076
2935	 P	117360	334
2936	 P	117400	376
2937	 P	117440	318
2938	 P	117480	1032
2939	 P	117520	311
2940	 P	117560	369
2941	 P	117600	294
2942	 P	117640	1048
2943	 P	117680	334
2944	 P	117720	348
2945	 P	117760	279
2946	 P	117800	1099
2947	 P	117840	307
2948	 P	117880	340
2949	 P	117920	335
2950	 P	117960	1145
2951	 P	118000	363
2952	 P	118040	396
2953	 P	118080	304
2954	 P	118120	1195
2955	 P	118160	368
2956	 P	118200	373
2957	 P	118240	304
2958	 P	118280	451
2959	 P	118320	280
2960	 P	118360	278
2961	 P	118400	5904
2962	 P	118440	986
2963	 P	118480	353
2964	 P	118520	335
2965	 P	118560	327
2966	 P	118600	1190
2967	 P	118640	335
2968	 P	118680	336
2969	 P	118720	322
2970	 P	118760	1099
2971	 P	118800	307
2972	 P	118840	311
2973	 P	118880	304
2974	 P	118920	989
2975	 P	118960	299
2976	 P	119000	288
2977	 P	119040	292
2978	 P	119080	1086
2979	 P	119120	331
2980	 P	119160	297
2981	 P	119200	286
2982	 P	119240	1094
2983	 P	119280	293
2984	 P	119320	333
2985	 P	119360	230
2986	 P	119400	1123
2987	 P	119440	277
2988	 P	119480	288
2989	 P	119520	275
2990	 P	119560	447
2991	 P	119600	264
2992	 P	119640	282
2993	 P	119680	6048
2994	 P	119720	908
2995	 P	119760	268
2996	 P	119800	284
2997	 P	119840	293
2998	 P	119880	1041
2999	 P	119920	251
3000	 P	119960	322
3001	 P	120000	281
3002	 P	120040	1095
3003	 P	120080	306
3004	 P	120120	330
3005	 P	120160	304
3006	 P	120200	1092
3007	 P	120240	283
3008	 P	120280	300
3009	 P	120320	244
3010	 P	120360	1115
3011	 P	120400	254
3012	 P	120440	261
3013	 P	120480	217
3014	 P	120520	994
3015	 P	120560	304
3016	 P	120600	299
3017	 P	120640	217
3018	 P	120680	1101
3019	 P	120720	271
3020	 P	120760	302
3021	 P	120800	235
3022	 P	120840	378
3023	 P	120880	263
3024	 P	120920	256
3025	 P	120960	6370
3026	 P	121000	1158
3027	 P	121040	273
3028	 P	121080	295
3029	 P	121120	281
3030	 P	121160	1148
3031	 P	121200	295
3032	 P	121240	347
3033	 P	121280	301
3034	 P	121320	1243
3035	 P	121360	325
3036	 P	121400	397
3037	 P	121440	297
3038	 P	121480	1451
3039	 P	121520	371
3040	 P	121560	449
3041	 P	121600	358
3042	 P	121640	1606
3043	 P	121680	399
3044	 P	121720	457
3045	 P	121760	375
3046	 P	121800	1761
3047	 P	121840	430
3048	 P	121880	610
3049	 P	121920	451
3050	 P	121960	1714
3051	 P	122000	440
3052	 P	122040	653
3053	 P	122080	490
3054	 P	122120	901
3055	 P	122160	505
3056	 P	122200	594
3057	 P	122240	6129
3058	 P	122280	1328
3059	 P	122320	395
3060	 P	122360	459
3061	 P	122400	292
3062	 P	122440	1156
3063	 P	122480	282
3064	 P	122520	306
3065	 P	122560	235
3066	 P	122600	1083
3067	 P	122640	268
3068	 P	122680	304
3069	 P	122720	217
3070	 P	122760	1090
3071	 P	122800	247
3072	 P	122840	328
3073	 P	122880	293
3074	 P	122920	1140
3075	 P	122960	255
3076	 P	123000	356
3077	 P	123040	304
3078	 P	123080	1191
3079	 P	123120	336
3080	 P	123160	406
3081	 P	123200	317
3082	 P	123240	1375
3083	 P	123280	308
3084	 P	123320	391
3085	 P	123360	335
3086	 P	123400	443
3087	 P	123440	311
3088	 P	123480	299
3089	 P	123520	6174
3090	 P	123560	1101
3091	 P	123600	333
3092	 P	123640	438
3093	 P	123680	317
3094	 P	123720	1130
3095	 P	123760	327
3096	 P	123800	417
3097	 P	123840	361
3098	 P	123880	1240
3099	 P	123920	396
3100	 P	123960	457
3101	 P	124000	329
3102	 P	124040	1220
3103	 P	124080	407
3104	 P	124120	424
3105	 P	124160	374
3106	 P	124200	1166
3107	 P	124240	400
3108	 P	124280	400
3109	 P	124320	350
3110	 P	124360	1279
3111	 P	124400	421
3112	 P	124440	536
3113	 P	124480	462
3114	 P	124520	1247
3115	 P	124560	434
3116	 P	124600	531
3117	 P	124640	413
3118	 P	124680	586
3119	 P	124720	563
3120	 P	124760	533
3121	 P	124800	6026
3122	 P	124840	1450
3123	 P	124880	504
3124	 P	124920	541
3125	 P	124960	438
3126	 P	125000	1205
3127	 P	125040	475
3128	 P	125080	516
3129	 P	125120	478
3130	 P	125160	1285
3131	 P	125200	423
3132	 P	125240	504
3133	 P	125280	357
3134	 P	125320	925
3135	 P	125360	367
3136	 P	125400	404
3137	 P	125440	252
3138	 P	125480	1040
3139	 P	125520	292
3140	 P	125560	332
3141	 P	125600	237
3142	 P	125640	918
3143	 P	125680	257
3144	 P	125720	309
3145	 P	125760	251
3146	 P	125800	948
3147	 P	125840	286
3148	 P	125880	329
3149	 P	125920	259
3150	 P	125960	435
3151	 P	126000	243
3152	 P	126040	311
3153	 P	126080	5526
3154	 P	126120	944
3155	 P	126160	246
3156	 P	126200	289
3157	 P	126240	194
3158	 P	126280	898
3159	 P	126320	225
3160	 P	126360	319
3161	 P	126400	294
3162	 P	126440	1040
3163	 P	126480	276
3164	 P	126520	312
3165	 P	126560	238
3166	 P	126600	1279
3167	 P	126640	350
3168	 P	126680	428
3169	 P	126720	308
3170	 P	126760	1121
3171	 P	126800	318
3172	 P	126840	385
3173	 P	126880	364
3174	 P	126920	1162
3175	 P	126960	365
3176	 P	127000	440
3177	 P	127040	277
3178	 P	127080	1320
3179	 P	127120	321
3180	 P	127160	394
3181	 P	127200	282
3182	 P	127240	551
3183	 P	127280	274
3184	 P	127320	351
3185	 P	127360	5942
3186	 P	127400	1137
3187	 P	127440	256
3188	 P	127480	407
3189	 P	127520	227
3190	 P	127560	1398
3191	 P	127600	286
3192	 P	127640	347
3193	 P	127680	330
3194	 P	127720	1345
3195	 P	127760	312
3196	 P	127800	386
3197	 P	127840	321
3198	 P	127880	1319
3199	 P	127920	310
3200	 P	127960	377
3201	 P	128000	335
3202	 P	128040	1294
3203	 P	128080	322
3204	 P	128120	418
3205	 P	128160	338
3206	 P	128200	1323
3207	 P	128240	294
3208	 P	128280	407
3209	 P	128320	379
3210	 P	128360	1608
3211	 P	128400	342
3212	 P	128440	420
3213	 P	128480	319
3214	 P	128520	509
3215	 P	128560	302
3216	 P	128600	330
3217	 P	128640	6332
3218	 P	128680	1236
3219	 P	128720	297
3220	 P	128760	397
3221	 P	128800	308
3222	 P	128840	2186
3223	 P	128880	347
3224	 P	128920	490
3225	 P	128960	568
3226	 P	129000	1946
3227	 P	129040	407
3228	 P	129080	459
3229	 P	129120	349
3230	 P	129160	2244
3231	 P	129200	399
3232	 P	129240	520
3233	 P	129280	388
3234	 P	129320	2456
3235	 P	129360	483
3236	 P	129400	619
3237	 P	129440	546
3238	 P	129480	2976
3239	 P	129520	560
3240	 P	129560	731
3241	 P	129600	636
3242	 P	129640	3199
3243	 P	129680	704
3244	 P	129720	1076
3245	 P	129760	726
3246	 P	129800	1996
3247	 P	129840	788
3248	 P	129880	904
3249	 P	129920	5605
3250	 P	129960	3063
3251	 P	130000	892
3252	 P	130040	1215
3253	 P	130080	949
3254	 P	130120	2403
3255	 P	130160	711
3256	 P	130200	793
3257	 P	130240	689
3258	 P	130280	1961
3259	 P	130320	546
3260	 P	130360	676
3261	 P	130400	488
3262	 P	130440	1667
3263	 P	130480	459
3264	 P	130520	647
3265	 P	130560	528
3266	 P	130600	1952
3267	 P	130640	590
3268	 P	130680	724
3269	 P	130720	540
3270	 P	130760	2243
3271	 P	130800	611
3272	 P	130840	685
3273	 P	130880	575
3274	 P	130920	2345
3275	 P	130960	385
3276	 P	131000	391
3277	 P	131040	287
3278	 P	131080	571
3279	 P	131120	236
3280	 P	131160	272
3281	 P	131200	4596
3282	 P	131240	844
3283	 P	131280	230
3284	 P	131320	258
3285	 P	131360	208
3286	 P	131400	905
3287	 P	131440	190
3288	 P	131480	268
3289	 P	131520	179
3290	 P	131560	895
3291	 P	131600	188
3292	 P	131640	278
3293	 P	131680	216
3294	 P	131720	766
3295	 P	131760	262
3296	 P	131800	260
3297	 P	131840	245
3298	 P	131880	789
3299	 P	131920	188
3300	 P	131960	245
3301	 P	132000	192
3302	 P	132040	640
3303	 P	132080	188
3304	 P	132120	214
3305	 P	132160	158
3306	 P	132200	706
3307	 P	132240	198
3308	 P	132280	202
3309	 P	132320	220
3310	 P	132360	281
3311	 P	132400	215
3312	 P	132440	250
3313	 P	132480	4705
3314	 P	132520	592
3315	 P	132560	188
3316	 P	132600	211
3317	 P	132640	251
3318	 P	132680	673
3319	 P	132720	223
3320	 P	132760	235
3321	 P	132800	217
3322	 P	132840	602
3323	 P	132880	217
3324	 P	132920	242
3325	 P	132960	199
3326	 P	133000	682
3327	 P	133040	172
3328	 P	133080	282
3329	 P	133120	195
3330	 P	133160	824
3331	 P	133200	201
3332	 P	133240	228
3333	 P	133280	189
3334	 P	133320	765
3335	 P	133360	231
3336	 P	133400	283
3337	 P	133440	223
3338	 P	133480	808
3339	 P	133520	190
3340	 P	133560	268
3341	 P	133600	215
3342	 P	133640	335
3343	 P	133680	171
3344	 P	133720	230
3345	 P	133760	4719
3346	 P	133800	652
3347	 P	133840	177
3348	 P	133880	252
3349	 P	133920	203
3350	 P	133960	659
3351	 P	134000	187
3352	 P	134040	238
3353	 P	134080	196
3354	 P	134120	709
3355	 P	134160	217
3356	 P	134200	279
3357	 P	134240	245
3358	 P	134280	743
3359	 P	134320	259
3360	 P	134360	254
3361	 P	134400	242
3362	 P	134440	814
3363	 P	134480	271
3364	 P	134520	295
3365	 P	134560	263
3366	 P	134600	688
3367	 P	134640	240
3368	 P	134680	212
3369	 P	134720	243
3370	 P	134760	749
3371	 P	134800	248
3372	 P	134840	266
3373	 P	134880	242
3374	 P	134920	287
3375	 P	134960	186
3376	 P	135000	192
3377	 P	135040	4683
3378	 P	135080	568
3379	 P	135120	216
3380	 P	135160	213
3381	 P	135200	221
3382	 P	135240	612
3383	 P	135280	169
3384	 P	135320	187
3385	 P	135360	193
3386	 P	135400	652
3387	 P	135440	183
3388	 P	135480	234
3389	 P	135520	174
3390	 P	135560	660
3391	 P	135600	197
3392	 P	135640	227
3393	 P	135680	159
3394	 P	135720	636
3395	 P	135760	164
3396	 P	135800	241
3397	 P	135840	226
3398	 P	135880	675
3399	 P	135920	230
3400	 P	135960	191
3401	 P	136000	187
3402	 P	136040	723
3403	 P	136080	209
3404	 P	136120	246
3405	 P	136160	212
3406	 P	136200	321
3407	 P	136240	221
3408	 P	136280	224
3409	 P	136320	4810
3410	 P	136360	573
3411	 P	136400	176
3412	 P	136440	183
3413	 P	136480	152
3414	 P	136520	693
3415	 P	136560	219
3416	 P	136600	188
3417	 P	136640	176
3418	 P	136680	778
3419	 P	136720	236
3420	 P	136760	248
3421	 P	136800	230
3422	 P	136840	767
3423	 P	136880	265
3424	 P	136920	251
3425	 P	136960	223
3426	 P	137000	742
3427	 P	137040	225
3428	 P	137080	199
3429	 P	137120	197
3430	 P	137160	790
3431	 P	137200	240
3432	 P	137240	285
3433	 P	137280	240
3434	 P	137320	921
3435	 P	137360	290
3436	 P	137400	399
3437	 P	137440	321
3438	 P	137480	547
3439	 P	137520	324
3440	 P	137560	291
3441	 P	137600	5385
3442	 P	137640	811
3443	 P	137680	342
3444	 P	137720	342
3445	 P	137760	241
3446	 P	137800	829
3447	 P	137840	353
3448	 P	137880	342
3449	 P	137920	300
3450	 P	137960	819
3451	 P	138000	316
3452	 P	138040	401
3453	 P	138080	352
3454	 P	138120	915
3455	 P	138160	357
3456	 P	138200	327
3457	 P	138240	351
3458	 P	138280	842
3459	 P	138320	336
3460	 P	138360	330
3461	 P	138400	296
3462	 P	138440	893
3463	 P	138480	333
3464	 P	138520	340
3465	 P	138560	315
3466	 P	138600	904
3467	 P	138640	285
3468	 P	138680	368
3469	 P	138720	277
3470	 P	138760	382
3471	 P	138800	269
3472	 P	138840	295
3473	 P	138880	5549
3474	 P	138920	1004
3475	 P	138960	306
3476	 P	139000	341
3477	 P	139040	265
3478	 P	139080	967
3479	 P	139120	229
3480	 P	139160	316
3481	 P	139200	245
3482	 P	139240	867
3483	 P	139280	264
3484	 P	139320	316
3485	 P	139360	291
3486	 P	139400	886
3487	 P	139440	259
3488	 P	139480	273
3489	 P	139520	251
3490	 P	139560	851
3491	 P	139600	285
3492	 P	139640	288
3493	 P	139680	246
3494	 P	139720	954
3495	 P	139760	279
3496	 P	139800	325
3497	 P	139840	232
3498	 P	139880	889
3499	 P	139920	263
3500	 P	139960	328
3501	 P	140000	267
3502	 P	140040	348
3503	 P	140080	290
3504	 P	140120	296
3505	 P	140160	5388
3506	 P	140200	825
3507	 P	140240	236
3508	 P	140280	247
3509	 P	140320	252
3510	 P	140360	843
3511	 P	140400	241
3512	 P	140440	270
3513	 P	140480	241
3514	 P	140520	736
3515	 P	140560	207
3516	 P	140600	293
3517	 P	140640	224
3518	 P	140680	844
3519	 P	140720	206
3520	 P	140760	242
3521	 P	140800	203
3522	 P	140840	762
3523	 P	140880	219
3524	 P	140920	268
3525	 P	140960	240
3526	 P	141000	643
3527	 P	141040	215
3528	 P	141080	253
3529	 P	141120	244
3530	 P	141160	780
3531	 P	141200	164
3532	 P	141240	232
3533	 P	141280	225
3534	 P	141320	283
3535	 P	141360	181
3536	 P	141400	176
3537	 P	141440	5364
3538	 P	141480	702
3539	 P	141520	148
3540	 P	141560	158
3541	 P	141600	198
3542	 P	141640	772
3543	 P	141680	192
3544	 P	141720	211
3545	 P	141760	175
3546	 P	141800	746
3547	 P	141840	203
3548	 P	141880	217
3549	 P	141920	226
3550	 P	141960	676
3551	 P	142000	211
3552	 P	142040	257
3553	 P	142080	215
3554	 P	142120	759
3555	 P	142160	246
3556	 P	142200	245
3557	 P	142240	169
3558	 P	142280	706
3559	 P	142320	268
3560	 P	142360	244
3561	 P	142400	230
3562	 P	142440	908
3563	 P	142480	180
3564	 P	142520	162
3565	 P	142560	152
3566	 P	142600	272
3567	 P	142640	172
3568	 P	142680	184
3569	 P	142720	5659
3570	 P	142760	752
3571	 P	142800	197
3572	 P	142840	225
3573	 P	142880	180
3574	 P	142920	591
3575	 P	142960	189
3576	 P	143000	225
3577	 P	143040	167
3578	 P	143080	700
3579	 P	143120	211
3580	 P	143160	226
3581	 P	143200	170
3582	 P	143240	783
3583	 P	143280	227
3584	 P	143320	258
3585	 P	143360	186
3586	 P	143400	802
3587	 P	143440	225
3588	 P	143480	245
3589	 P	143520	219
3590	 P	143560	780
3591	 P	143600	240
3592	 P	143640	270
3593	 P	143680	228
3594	 P	143720	781
3595	 P	143760	235
3596	 P	143800	306
3597	 P	143840	308
3598	 P	143880	290
3599	 P	143920	251
3600	 P	143960	283
3601	 P	144000	5548
3602	 P	144040	744
3603	 P	144080	229
3604	 P	144120	208
3605	 P	144160	193
3606	 P	144200	920
3607	 P	144240	202
3608	 P	144280	203
3609	 P	144320	173
3610	 P	144360	798
3611	 P	144400	224
3612	 P	144440	243
3613	 P	144480	181
3614	 P	144520	761
3615	 P	144560	221
3616	 P	144600	241
3617	 P	144640	154
3618	 P	144680	737
3619	 P	144720	183
3620	 P	144760	214
3621	 P	144800	167
3622	 P	144840	690
3623	 P	144880	172
3624	 P	144920	194
3625	 P	144960	171
3626	 P	145000	761
3627	 P	145040	191
3628	 P	145080	249
3629	 P	145120	228
3630	 P	145160	257
3631	 P	145200	181
3632	 P	145240	231
3633	 P	145280	5934
3634	 P	145320	809
3635	 P	145360	261
3636	 P	145400	282
3637	 P	145440	138
3638	 P	145480	859
3639	 P	145520	215
3640	 P	145560	212
3641	 P	145600	169
3642	 P	145640	851
3643	 P	145680	223
3644	 P	145720	216
3645	 P	145760	158
3646	 P	145800	857
3647	 P	145840	188
3648	 P	145880	267
3649	 P	145920	166
3650	 P	145960	801
3651	 P	146000	205
3652	 P	146040	225
3653	 P	146080	177
3654	 P	146120	783
3655	 P	146160	214
3656	 P	146200	236
3657	 P	146240	201
3658	 P	146280	810
3659	 P	146320	253
3660	 P	146360	259
3661	 P	146400	182
3662	 P	146440	353
3663	 P	146480	189
3664	 P	146520	187
3665	 P	146560	6058
3666	 P	146600	874
3667	 P	146640	182
3668	 P	146680	222
3669	 P	146720	246
3670	 P	146760	816
3671	 P	146800	216
3672	 P	146840	184
3673	 P	146880	208
3674	 P	146920	712
3675	 P	146960	194
3676	 P	147000	221
3677	 P	147040	216
3678	 P	147080	859
3679	 P	147120	243
3680	 P	147160	245
3681	 P	147200	221
3682	 P	147240	951
3683	 P	147280	202
3684	 P	147320	228
3685	 P	147360	195
3686	 P	147400	952
3687	 P	147440	229
3688	 P	147480	221
3689	 P	147520	194
3690	 P	147560	903
3691	 P	147600	225
3692	 P	147640	278
3693	 P	147680	230
3694	 P	147720	329
3695	 P	147760	214
3696	 P	147800	287
3697	 P	147840	6167
3698	 P	147880	737
3699	 P	147920	175
3700	 P	147960	239
3701	 P	148000	280
3702	 P	148040	861
3703	 P	148080	236
3704	 P	148120	251
3705	 P	148160	210
3706	 P	148200	840
3707	 P	148240	238
3708	 P	148280	293
3709	 P	148320	209
3710	 P	148360	912
3711	 P	148400	251
3712	 P	148440	294
3713	 P	148480	232
3714	 P	148520	908
3715	 P	148560	272
3716	 P	148600	321
3717	 P	148640	271
3718	 P	148680	1149
3719	 P	148720	215
3720	 P	148760	322
3721	 P	148800	260
3722	 P	148840	1126
3723	 P	148880	274
3724	 P	148920	332
3725	 P	148960	250
3726	 P	149000	521
3727	 P	149040	286
3728	 P	149080	324
3729	 P	149120	6030
3730	 P	149160	1107
3731	 P	149200	280
3732	 P	149240	383
3733	 P	149280	325
3734	 P	149320	1078
3735	 P	149360	359
3736	 P	149400	377
3737	 P	149440	276
3738	 P	149480	1108
3739	 P	149520	297
3740	 P	149560	350
3741	 P	149600	289
3742	 P	149640	1267
3743	 P	149680	331
3744	 P	149720	413
3745	 P	149760	324
3746	 P	149800	1196
3747	 P	149840	320
3748	 P	149880	347
3749	 P	149920	321
3750	 P	149960	1259
3751	 P	150000	415
3752	 P	150040	398
3753	 P	150080	309
3754	 P	150120	866
3755	 P	150160	325
3756	 P	150200	334
3757	 P	150240	253
3758	 P	150280	284
3759	 P	150320	231
3760	 P	150360	202
3761	 P	150400	5738
3762	 P	150440	901
3763	 P	150480	190
3764	 P	150520	224
3765	 P	150560	153
3766	 P	150600	722
3767	 P	150640	249
3768	 P	150680	261
3769	 P	150720	231
3770	 P	150760	875
3771	 P	150800	231
3772	 P	150840	267
3773	 P	150880	201
3774	 P	150920	918
3775	 P	150960	210
3776	 P	151000	203
3777	 P	151040	220
3778	 P	151080	861
3779	 P	151120	203
3780	 P	151160	224
3781	 P	151200	223
3782	 P	151240	770
3783	 P	151280	242
3784	 P	151320	248
3785	 P	151360	237
3786	 P	151400	841
3787	 P	151440	226
3788	 P	151480	250
3789	 P	151520	204
3790	 P	151560	286
3791	 P	151600	203
3792	 P	151640	252
3793	 P	151680	6377
3794	 P	151720	898
3795	 P	151760	216
3796	 P	151800	259
3797	 P	151840	223
3798	 P	151880	935
3799	 P	151920	214
3800	 P	151960	240
3801	 P	152000	245
3802	 P	152040	800
3803	 P	152080	141
3804	 P	152120	214
3805	 P	152160	137
3806	 P	152200	961
3807	 P	152240	164
3808	 P	152280	210
3809	 P	152320	197
3810	 P	152360	945
3811	 P	152400	222
3812	 P	152440	198
3813	 P	152480	175
3814	 P	152520	874
3815	 P	152560	194
3816	 P	152600	165
3817	 P	152640	151
3818	 P	152680	842
3819	 P	152720	182
3820	 P	152760	221
3821	 P	152800	186
3822	 P	152840	253
3823	 P	152880	171
3824	 P	152920	193
3825	 P	152960	6337
3826	 P	153000	776
3827	 P	153040	178
3828	 P	153080	219
3829	 P	153120	223
3830	 P	153160	745
3831	 P	153200	190
3832	 P	153240	206
3833	 P	153280	159
3834	 P	153320	640
3835	 P	153360	183
3836	 P	153400	220
3837	 P	153440	189
3838	 P	153480	996
3839	 P	153520	187
3840	 P	153560	251
3841	 P	153600	190
3842	 P	153640	933
3843	 P	153680	242
3844	 P	153720	254
3845	 P	153760	209
3846	 P	153800	1043
3847	 P	153840	218
3848	 P	153880	231
3849	 P	153920	239
3850	 P	153960	1014
3851	 P	154000	238
3852	 P	154040	262
3853	 P	154080	185
3854	 P	154120	304
3855	 P	154160	265
3856	 P	154200	248
3857	 P	154240	6294
3858	 P	154280	876
3859	 P	154320	226
3860	 P	154360	259
3861	 P	154400	169
3862	 P	154440	892
3863	 P	154480	244
3864	 P	154520	233
3865	 P	154560	175
3866	 P	154600	941
3867	 P	154640	253
3868	 P	154680	332
3869	 P	154720	179
3870	 P	154760	1091
3871	 P	154800	273
3872	 P	154840	348
3873	 P	154880	322
3874	 P	154920	971
3875	 P	154960	261
3876	 P	155000	291
3877	 P	155040	255
3878	 P	155080	1035
3879	 P	155120	222
3880	 P	155160	261
3881	 P	155200	211
3882	 P	155240	963
3883	 P	155280	214
3884	 P	155320	230
3885	 P	155360	180
3886	 P	155400	277
3887	 P	155440	196
3888	 P	155480	207
3889	 P	155520	6478
3890	 P	155560	985
3891	 P	155600	217
3892	 P	155640	196
3893	 P	155680	179
3894	 P	155720	832
3895	 P	155760	242
3896	 P	155800	268
3897	 P	155840	185
3898	 P	155880	895
3899	 P	155920	274
3900	 P	155960	273
3901	 P	156000	219
3902	 P	156040	940
3903	 P	156080	198
3904	 P	156120	202
3905	 P	156160	177
3906	 P	156200	877
3907	 P	156240	176
3908	 P	156280	274
3909	 P	156320	228
3910	 P	156360	943
3911	 P	156400	186
3912	 P	156440	221
3913	 P	156480	209
3914	 P	156520	1079
3915	 P	156560	251
3916	 P	156600	272
3917	 P	156640	228
3918	 P	156680	340
3919	 P	156720	189
3920	 P	156760	244
3921	 P	156800	7004
3922	 P	156840	1083
3923	 P	156880	229
3924	 P	156920	271
3925	 P	156960	240
3926	 P	157000	1218
3927	 P	157040	266
3928	 P	157080	267
3929	 P	157120	138
3930	 P	157160	1167
3931	 P	157200	188
3932	 P	157240	251
3933	 P	157280	171
3934	 P	157320	1248
3935	 P	157360	211
3936	 P	157400	246
3937	 P	157440	201
3938	 P	157480	1118
3939	 P	157520	225
3940	 P	157560	252
3941	 P	157600	225
3942	 P	157640	1318
3943	 P	157680	256
3944	 P	157720	275
3945	 P	157760	248
3946	 P	157800	1427
3947	 P	157840	244
3948	 P	157880	270
3949	 P	157920	234
3950	 P	157960	388
3951	 P	158000	246
3952	 P	158040	256
3953	 P	158080	7232
3954	 P	158120	1171
3955	 P	158160	232
3956	 P	158200	324
3957	 P	158240	297
3958	 P	158280	1697
3959	 P	158320	298
3960	 P	158360	304
3961	 P	158400	232
3962	 P	158440	1412
3963	 P	158480	288
3964	 P	158520	380
3965	 P	158560	246
3966	 P	158600	1981
3967	 P	158640	536
3968	 P	158680	439
3969	 P	158720	288
3970	 P	158760	1684
3971	 P	158800	369
3972	 P	158840	397
3973	 P	158880	310
3974	 P	158920	1546
3975	 P	158960	324
3976	 P	159000	400
3977	 P	159040	316
3978	 P	159080	1661
3979	 P	159120	362
3980	 P	159160	419
3981	 P	159200	301
3982	 P	159240	671
3983	 P	159280	363
3984	 P	159320	365
3985	 P	159360	7080
3986	 P	159400	1464
3987	 P	159440	314
3988	 P	159480	412
3989	 P	159520	344
3990	 P	159560	1471
3991	 P	159600	376
3992	 P	159640	533
3993	 P	159680	444
3994	 P	159720	1087
3995	 P	159760	355
3996	 P	159800	458
3997	 P	159840	438
3998	 P	159880	662
3999	 P	159920	416
4000	 P	159960	465
4001	 P	160000	5231
4002	 P	160040	910
4003	 P	160080	266
4004	 P	160120	342
4005	 P	160160	259
4006	 P	160200	888
4007	 P	160240	311
4008	 P	160280	308
4009	 P	160320	224
4010	 P	160360	981
4011	 P	160400	340
4012	 P	160440	320
4013	 P	160480	261
4014	 P	160520	930
4015	 P	160560	245
4016	 P	160600	261
4017	 P	160640	220
4018	 P	160680	977
4019	 P	160720	320
4020	 P	160760	341
4021	 P	160800	267
4022	 P	160840	903
4023	 P	160880	269
4024	 P	160920	310
4025	 P	160960	277
4026	 P	161000	1032
4027	 P	161040	266
4028	 P	161080	327
4029	 P	161120	241
4030	 P	161160	431
4031	 P	161200	250
4032	 P	161240	303
4033	 P	161280	5543
4034	 P	161320	1032
4035	 P	161360	250
4036	 P	161400	330
4037	 P	161440	243
4038	 P	161480	829
4039	 P	161520	272
4040	 P	161560	349
4041	 P	161600	256
4042	 P	161640	867
4043	 P	161680	241
4044	 P	161720	293
4045	 P	161760	214
4046	 P	161800	755
4047	 P	161840	224
4048	 P	161880	281
4049	 P	161920	260
4050	 P	161960	843
4051	 P	162000	244
4052	 P	162040	322
4053	 P	162080	234
4054	 P	162120	855
4055	 P	162160	277
4056	 P	162200	311
4057	 P	162240	217
4058	 P	162280	831
4059	 P	162320	234
4060	 P	162360	283
4061	 P	162400	299
4062	 P	162440	344
4063	 P	162480	299
4064	 P	162520	344
4065	 P	162560	5808
4066	 P	162600	985
4067	 P	162640	268
4068	 P	162680	290
4069	 P	162720	261
4070	 P	162760	941
4071	 P	162800	290
4072	 P	162840	337
4073	 P	162880	248
4074	 P	162920	947
4075	 P	162960	261
4076	 P	163000	348
4077	 P	163040	267
4078	 P	163080	907
4079	 P	163120	284
4080	 P	163160	328
4081	 P	163200	271
4082	 P	163240	963
4083	 P	163280	237
4084	 P	163320	319
4085	 P	163360	268
4086	 P	163400	936
4087	 P	163440	282
4088	 P	163480	342
4089	 P	163520	272
4090	 P	163560	1102
4091	 P	163600	266
4092	 P	163640	355
4093	 P	163680	260
4094	 P	163720	616
4095	 P	163760	311
4096	 P	163800	315
4097	 P	163840	5941
4098	 P	163880	1147
4099	 P	163920	270
4100	 P	163960	383
4101	 P	164000	352
4102	 P	164040	1137
4103	 P	164080	314
4104	 P	164120	371
4105	 P	164160	318
4106	 P	164200	1101
4107	 P	164240	304
4108	 P	164280	358
4109	 P	164320	301
4110	 P	164360	948
4111	 P	164400	293
4112	 P	164440	375
4113	 P	164480	280
4114	 P	164520	1000
4115	 P	164560	301
4116	 P	164600	355
4117	 P	164640	361
4118	 P	164680	1008
4119	 P	164720	252
4120	 P	164760	303
4121	 P	164800	248
4122	 P	164840	966
4123	 P	164880	225
4124	 P	164920	271
4125	 P	164960	245
4126	 P	165000	411
4127	 P	165040	260
4128	 P	165080	262
4129	 P	165120	5830
4130	 P	165160	977
4131	 P	165200	289
4132	 P	165240	295
4133	 P	165280	294
4134	 P	165320	973
4135	 P	165360	213
4136	 P	165400	309
4137	 P	165440	256
4138	 P	165480	942
4139	 P	165520	223
4140	 P	165560	299
4141	 P	165600	200
4142	 P	165640	897
4143	 P	165680	253
4144	 P	165720	315
4145	 P	165760	257
4146	 P	165800	1149
4147	 P	165840	327
4148	 P	165880	348
4149	 P	165920	235
4150	 P	165960	1008
4151	 P	166000	309
4152	 P	166040	344
4153	 P	166080	274
4154	 P	166120	948
4155	 P	166160	279
4156	 P	166200	379
4157	 P	166240	319
4158	 P	166280	410
4159	 P	166320	257
4160	 P	166360	325
4161	 P	166400	5968
4162	 P	166440	878
4163	 P	166480	226
4164	 P	166520	297
4165	 P	166560	272
4166	 P	166600	843
4167	 P	166640	257
4168	 P	166680	289
4169	 P	166720	239
4170	 P	166760	845
4171	 P	166800	274
4172	 P	166840	299
4173	 P	166880	289
4174	 P	166920	1141
4175	 P	166960	266
4176	 P	167000	326
4177	 P	167040	286
4178	 P	167080	979
4179	 P	167120	222
4180	 P	167160	290
4181	 P	167200	250
4182	 P	167240	934
4183	 P	167280	220
4184	 P	167320	325
4185	 P	167360	244
4186	 P	167400	996
4187	 P	167440	269
4188	 P	167480	376
4189	 P	167520	240
4190	 P	167560	469
4191	 P	167600	322
4192	 P	167640	302
4193	 P	167680	5955
4194	 P	167720	1121
4195	 P	167760	253
4196	 P	167800	333
4197	 P	167840	300
4198	 P	167880	983
4199	 P	167920	269
4200	 P	167960	299
4201	 P	168000	228
4202	 P	168040	991
4203	 P	168080	250
4204	 P	168120	300
4205	 P	168160	212
4206	 P	168200	960
4207	 P	168240	249
4208	 P	168280	305
4209	 P	168320	261
4210	 P	168360	830
4211	 P	168400	283
4212	 P	168440	291
4213	 P	168480	208
4214	 P	168520	1066
4215	 P	168560	211
4216	 P	168600	286
4217	 P	168640	256
4218	 P	168680	1012
4219	 P	168720	292
4220	 P	168760	359
4221	 P	168800	274
4222	 P	168840	418
4223	 P	168880	290
4224	 P	168920	290
4225	 P	168960	5618
4226	 P	169000	842
4227	 P	169040	261
4228	 P	169080	340
4229	 P	169120	293
4230	 P	169160	1215
4231	 P	169200	305
4232	 P	169240	336
4233	 P	169280	249
4234	 P	169320	905
4235	 P	169360	262
4236	 P	169400	377
4237	 P	169440	321
4238	 P	169480	944
4239	 P	169520	284
4240	 P	169560	292
4241	 P	169600	267
4242	 P	169640	988
4243	 P	169680	300
4244	 P	169720	346
4245	 P	169760	277
4246	 P	169800	1036
4247	 P	169840	258
4248	 P	169880	321
4249	 P	169920	259
4250	 P	169960	938
4251	 P	170000	276
4252	 P	170040	334
4253	 P	170080	217
4254	 P	170120	456
4255	 P	170160	256
4256	 P	170200	308
4257	 P	170240	5678
4258	 P	170280	1060
4259	 P	170320	262
4260	 P	170360	382
4261	 P	170400	362
4262	 P	170440	864
4263	 P	170480	308
4264	 P	170520	330
4265	 P	170560	318
4266	 P	170600	965
4267	 P	170640	335
4268	 P	170680	399
4269	 P	170720	301
4270	 P	170760	911
4271	 P	170800	257
4272	 P	170840	406
4273	 P	170880	321
4274	 P	170920	851
4275	 P	170960	296
4276	 P	171000	362
4277	 P	171040	316
4278	 P	171080	949
4279	 P	171120	264
4280	 P	171160	317
4281	 P	171200	238
4282	 P	171240	857
4283	 P	171280	231
4284	 P	171320	328
4285	 P	171360	244
4286	 P	171400	370
4287	 P	171440	264
4288	 P	171480	198
4289	 P	171520	5776
4290	 P	171560	911
4291	 P	171600	247
4292	 P	171640	360
4293	 P	171680	304
4294	 P	171720	1052
4295	 P	171760	266
4296	 P	171800	368
4297	 P	171840	263
4298	 P	171880	863
4299	 P	171920	270
4300	 P	171960	396
4301	 P	172000	260
4302	 P	172040	1042
4303	 P	172080	319
4304	 P	172120	378
4305	 P	172160	254
4306	 P	172200	971
4307	 P	172240	298
4308	 P	172280	335
4309	 P	172320	251
4310	 P	172360	1144
4311	 P	172400	251
4312	 P	172440	346
4313	 P	172480	244
4314	 P	172520	969
4315	 P	172560	261
4316	 P	172600	343
4317	 P	172640	305
4318	 P	172680	406
4319	 P	172720	270
4320	 P	172760	223
4321	 P	172800	5795
4322	 P	172840	982
4323	 P	172880	260
4324	 P	172920	339
4325	 P	172960	224
4326	 P	173000	1035
4327	 P	173040	262
4328	 P	173080	317
4329	 P	173120	255
4330	 P	173160	836
4331	 P	173200	262
4332	 P	173240	305
4333	 P	173280	212
4334	 P	173320	837
4335	 P	173360	260
4336	 P	173400	303
4337	 P	173440	252
4338	 P	173480	964
4339	 P	173520	273
4340	 P	173560	320
4341	 P	173600	256
4342	 P	173640	990
4343	 P	173680	246
4344	 P	173720	289
4345	 P	173760	234
4346	 P	173800	1020
4347	 P	173840	280
4348	 P	173880	329
4349	 P	173920	289
4350	 P	173960	450
4351	 P	174000	343
4352	 P	174040	332
4353	 P	174080	5639
4354	 P	174120	1038
4355	 P	174160	287
4356	 P	174200	305
4357	 P	174240	250
4358	 P	174280	960
4359	 P	174320	279
4360	 P	174360	287
4361	 P	174400	210
4362	 P	174440	972
4363	 P	174480	262
4364	 P	174520	317
4365	 P	174560	302
4366	 P	174600	895
4367	 P	174640	317
4368	 P	174680	354
4369	 P	174720	271
4370	 P	174760	945
4371	 P	174800	323
4372	 P	174840	320
4373	 P	174880	281
4374	 P	174920	968
4375	 P	174960	292
4376	 P	175000	276
4377	 P	175040	241
4378	 P	175080	1108
4379	 P	175120	306
4380	 P	175160	330
4381	 P	175200	278
4382	 P	175240	435
4383	 P	175280	272
4384	 P	175320	309
4385	 P	175360	6208
4386	 P	175400	1076
4387	 P	175440	272
4388	 P	175480	367
4389	 P	175520	308
4390	 P	175560	1121
4391	 P	175600	261
4392	 P	175640	377
4393	 P	175680	296
4394	 P	175720	1089
4395	 P	175760	281
4396	 P	175800	309
4397	 P	175840	233
4398	 P	175880	1049
4399	 P	175920	270
4400	 P	175960	360
4401	 P	176000	241
4402	 P	176040	1066
4403	 P	176080	255
4404	 P	176120	321
4405	 P	176160	275
4406	 P	176200	1162
4407	 P	176240	274
4408	 P	176280	349
4409	 P	176320	258
4410	 P	176360	1190
4411	 P	176400	298
4412	 P	176440	322
4413	 P	176480	268
4414	 P	176520	407
4415	 P	176560	284
4416	 P	176600	321
4417	 P	176640	6272
4418	 P	176680	1100
4419	 P	176720	257
4420	 P	176760	332
4421	 P	176800	266
4422	 P	176840	1153
4423	 P	176880	325
4424	 P	176920	371
4425	 P	176960	260
4426	 P	177000	1186
4427	 P	177040	308
4428	 P	177080	390
4429	 P	177120	320
4430	 P	177160	1224
4431	 P	177200	313
4432	 P	177240	366
4433	 P	177280	336
4434	 P	177320	1157
4435	 P	177360	328
4436	 P	177400	375
4437	 P	177440	234
4438	 P	177480	1187
4439	 P	177520	322
4440	 P	177560	342
4441	 P	177600	262
4442	 P	177640	1210
4443	 P	177680	322
4444	 P	177720	418
4445	 P	177760	315
4446	 P	177800	495
4447	 P	177840	302
4448	 P	177880	371
4449	 P	177920	6472
4450	 P	177960	1449
4451	 P	178000	267
4452	 P	178040	338
4453	 P	178080	306
4454	 P	178120	1416
4455	 P	178160	322
4456	 P	178200	415
4457	 P	178240	361
4458	 P	178280	1337
4459	 P	178320	367
4460	 P	178360	432
4461	 P	178400	335
4462	 P	178440	1385
4463	 P	178480	347
4464	 P	178520	434
4465	 P	178560	374
4466	 P	178600	1462
4467	 P	178640	446
4468	 P	178680	443
4469	 P	178720	357
4470	 P	178760	1563
4471	 P	178800	361
4472	 P	178840	458
4473	 P	178880	367
4474	 P	178920	1553
4475	 P	178960	410
4476	 P	179000	594
4477	 P	179040	462
4478	 P	179080	869
4479	 P	179120	463
4480	 P	179160	513
4481	 P	179200	6207
4482	 P	179240	1211
4483	 P	179280	408
4484	 P	179320	430
4485	 P	179360	432
4486	 P	179400	1055
4487	 P	179440	297
4488	 P	179480	300
4489	 P	179520	252
4490	 P	179560	972
4491	 P	179600	252
4492	 P	179640	318
4493	 P	179680	275
4494	 P	179720	1146
4495	 P	179760	233
4496	 P	179800	305
4497	 P	179840	260
4498	 P	179880	971
4499	 P	179920	264
4500	 P	179960	393
4501	 P	180000	272
4502	 P	180040	1069
4503	 P	180080	254
4504	 P	180120	317
4505	 P	180160	286
4506	 P	180200	1025
4507	 P	180240	229
4508	 P	180280	336
4509	 P	180320	260
4510	 P	180360	472
4511	 P	180400	287
4512	 P	180440	310
4513	 P	180480	5478
4514	 P	180520	1111
4515	 P	180560	263
4516	 P	180600	332
4517	 P	180640	272
4518	 P	180680	978
4519	 P	180720	290
4520	 P	180760	358
4521	 P	180800	246
4522	 P	180840	1008
4523	 P	180880	282
4524	 P	180920	301
4525	 P	180960	282
4526	 P	181000	941
4527	 P	181040	270
4528	 P	181080	365
4529	 P	181120	262
4530	 P	181160	931
4531	 P	181200	291
4532	 P	181240	332
4533	 P	181280	268
4534	 P	181320	893
4535	 P	181360	295
4536	 P	181400	356
4537	 P	181440	255
4538	 P	181480	998
4539	 P	181520	273
4540	 P	181560	342
4541	 P	181600	228
4542	 P	181640	457
4543	 P	181680	258
4544	 P	181720	320
4545	 P	181760	5649
4546	 P	181800	925
4547	 P	181840	225
4548	 P	181880	293
4549	 P	181920	266
4550	 P	181960	869
4551	 P	182000	275
4552	 P	182040	273
4553	 P	182080	233
4554	 P	182120	903
4555	 P	182160	277
4556	 P	182200	329
4557	 P	182240	227
4558	 P	182280	975
4559	 P	182320	286
4560	 P	182360	358
4561	 P	182400	263
4562	 P	182440	990
4563	 P	182480	301
4564	 P	182520	345
4565	 P	182560	242
4566	 P	182600	992
4567	 P	182640	231
4568	 P	182680	323
4569	 P	182720	239
4570	 P	182760	1015
4571	 P	182800	274
4572	 P	182840	333
4573	 P	182880	218
4574	 P	182920	465
4575	 P	182960	313
4576	 P	183000	317
4577	 P	183040	5803
4578	 P	183080	953
4579	 P	183120	227
4580	 P	183160	334
4581	 P	183200	235
4582	 P	183240	1016
4583	 P	183280	263
4584	 P	183320	354
4585	 P	183360	258
4586	 P	183400	995
4587	 P	183440	309
4588	 P	183480	379
4589	 P	183520	260
4590	 P	183560	1048
4591	 P	183600	252
4592	 P	183640	351
4593	 P	183680	253
4594	 P	183720	922
4595	 P	183760	304
4596	 P	183800	335
4597	 P	183840	255
4598	 P	183880	950
4599	 P	183920	297
4600	 P	183960	300
4601	 P	184000	251
4602	 P	184040	981
4603	 P	184080	259
4604	 P	184120	307
4605	 P	184160	204
4606	 P	184200	410
4607	 P	184240	264
4608	 P	184280	315
4609	 P	184320	5666
4610	 P	184360	1088
4611	 P	184400	261
4612	 P	184440	339
4613	 P	184480	250
4614	 P	184520	901
4615	 P	184560	233
4616	 P	184600	356
4617	 P	184640	276
4618	 P	184680	936
4619	 P	184720	241
4620	 P	184760	295
4621	 P	184800	224
4622	 P	184840	1022
4623	 P	184880	267
4624	 P	184920	361
4625	 P	184960	283
4626	 P	185000	970
4627	 P	185040	271
4628	 P	185080	367
4629	 P	185120	252
4630	 P	185160	877
4631	 P	185200	315
4632	 P	185240	354
4633	 P	185280	265
4634	 P	185320	1002
4635	 P	185360	263
4636	 P	185400	344
4637	 P	185440	241
4638	 P	185480	406
4639	 P	185520	257
4640	 P	185560	320
4641	 P	185600	5641
4642	 P	185640	1088
4643	 P	185680	246
4644	 P	185720	245
4645	 P	185760	234
4646	 P	185800	1058
4647	 P	185840	275
4648	 P	185880	330
4649	 P	185920	218
4650	 P	185960	972
4651	 P	186000	230
4652	 P	186040	346
4653	 P	186080	274
4654	 P	186120	1154
4655	 P	186160	284
4656	 P	186200	400
4657	 P	186240	273
4658	 P	186280	1213
4659	 P	186320	293
4660	 P	186360	380
4661	 P	186400	353
4662	 P	186440	1322
4663	 P	186480	391
4664	 P	186520	512
4665	 P	186560	338
4666	 P	186600	1349
4667	 P	186640	360
4668	 P	186680	446
4669	 P	186720	376
4670	 P	186760	562
4671	 P	186800	277
4672	 P	186840	349
4673	 P	186880	5972
4674	 P	186920	1212
4675	 P	186960	242
4676	 P	187000	363
4677	 P	187040	249
4678	 P	187080	1122
4679	 P	187120	328
4680	 P	187160	392
4681	 P	187200	250
4682	 P	187240	1243
4683	 P	187280	330
4684	 P	187320	401
4685	 P	187360	257
4686	 P	187400	1002
4687	 P	187440	298
4688	 P	187480	374
4689	 P	187520	272
4690	 P	187560	1003
4691	 P	187600	291
4692	 P	187640	334
4693	 P	187680	221
4694	 P	187720	1142
4695	 P	187760	329
4696	 P	187800	331
4697	 P	187840	244
4698	 P	187880	1101
4699	 P	187920	375
4700	 P	187960	394
4701	 P	188000	294
4702	 P	188040	543
4703	 P	188080	301
4704	 P	188120	356
4705	 P	188160	5717
4706	 P	188200	1077
4707	 P	188240	236
4708	 P	188280	351
4709	 P	188320	286
4710	 P	188360	1027
4711	 P	188400	298
4712	 P	188440	359
4713	 P	188480	242
4714	 P	188520	950
4715	 P	188560	251
4716	 P	188600	294
4717	 P	188640	230
4718	 P	188680	895
4719	 P	188720	219
4720	 P	188760	308
4721	 P	188800	246
4722	 P	188840	948
4723	 P	188880	229
4724	 P	188920	312
4725	 P	188960	229
4726	 P	189000	967
4727	 P	189040	297
4728	 P	189080	284
4729	 P	189120	274
4730	 P	189160	1002
4731	 P	189200	310
4732	 P	189240	311
4733	 P	189280	289
4734	 P	189320	422
4735	 P	189360	285
4736	 P	189400	318
4737	 P	189440	5806
4738	 P	189480	1122
4739	 P	189520	261
4740	 P	189560	363
4741	 P	189600	261
4742	 P	189640	1088
4743	 P	189680	314
4744	 P	189720	332
4745	 P	189760	278
4746	 P	189800	919
4747	 P	189840	259
4748	 P	189880	312
4749	 P	189920	272
4750	 P	189960	1014
4751	 P	190000	271
4752	 P	190040	354
4753	 P	190080	272
4754	 P	190120	1017
4755	 P	190160	304
4756	 P	190200	359
4757	 P	190240	312
4758	 P	190280	1118
4759	 P	190320	277
4760	 P	190360	317
4761	 P	190400	241
4762	 P	190440	1072
4763	 P	190480	243
4764	 P	190520	299
4765	 P	190560	229
4766	 P	190600	473
4767	 P	190640	261
4768	 P	190680	286
4769	 P	190720	5771
4770	 P	190760	956
4771	 P	190800	270
4772	 P	190840	310
4773	 P	190880	247
4774	 P	190920	968
4775	 P	190960	214
4776	 P	191000	295
4777	 P	191040	250
4778	 P	191080	1035
4779	 P	191120	253
4780	 P	191160	328
4781	 P	191200	245
4782	 P	191240	1160
4783	 P	191280	258
4784	 P	191320	373
4785	 P	191360	282
4786	 P	191400	1006
4787	 P	191440	249
4788	 P	191480	381
4789	 P	191520	261
4790	 P	191560	1203
4791	 P	191600	310
4792	 P	191640	373
4793	 P	191680	260
4794	 P	191720	1083
4795	 P	191760	294
4796	 P	191800	353
4797	 P	191840	229
4798	 P	191880	478
4799	 P	191920	314
4800	 P	191960	299
4801	 P	192000	5850
4802	 P	192040	1101
4803	 P	192080	260
4804	 P	192120	376
4805	 P	192160	309
4806	 P	192200	1153
4807	 P	192240	331
4808	 P	192280	410
4809	 P	192320	290
4810	 P	192360	1231
4811	 P	192400	349
4812	 P	192440	394
4813	 P	192480	276
4814	 P	192520	1319
4815	 P	192560	342
4816	 P	192600	377
4817	 P	192640	299
4818	 P	192680	1296
4819	 P	192720	379
4820	 P	192760	443
4821	 P	192800	352
4822	 P	192840	1061
4823	 P	192880	314
4824	 P	192920	379
4825	 P	192960	348
4826	 P	193000	1021
4827	 P	193040	277
4828	 P	193080	333
4829	 P	193120	266
4830	 P	193160	474
4831	 P	193200	267
4832	 P	193240	330
4833	 P	193280	5908
4834	 P	193320	1110
4835	 P	193360	248
4836	 P	193400	352
4837	 P	193440	273
4838	 P	193480	882
4839	 P	193520	316
4840	 P	193560	337
4841	 P	193600	253
4842	 P	193640	1149
4843	 P	193680	290
4844	 P	193720	337
4845	 P	193760	264
4846	 P	193800	977
4847	 P	193840	268
4848	 P	193880	337
4849	 P	193920	278
4850	 P	193960	1018
4851	 P	194000	299
4852	 P	194040	351
4853	 P	194080	266
4854	 P	194120	995
4855	 P	194160	237
4856	 P	194200	306
4857	 P	194240	305
4858	 P	194280	1001
4859	 P	194320	288
4860	 P	194360	330
4861	 P	194400	263
4862	 P	194440	394
4863	 P	194480	283
4864	 P	194520	363
4865	 P	194560	5951
4866	 P	194600	911
4867	 P	194640	284
4868	 P	194680	303
4869	 P	194720	211
4870	 P	194760	1079
4871	 P	194800	275
4872	 P	194840	333
4873	 P	194880	305
4874	 P	194920	926
4875	 P	194960	274
4876	 P	195000	329
4877	 P	195040	267
4878	 P	195080	962
4879	 P	195120	250
4880	 P	195160	359
4881	 P	195200	252
4882	 P	195240	1008
4883	 P	195280	282
4884	 P	195320	354
4885	 P	195360	230
4886	 P	195400	994
4887	 P	195440	276
4888	 P	195480	356
4889	 P	195520	301
4890	 P	195560	1059
4891	 P	195600	234
4892	 P	195640	335
4893	 P	195680	258
4894	 P	195720	441
4895	 P	195760	293
4896	 P	195800	306
4897	 P	195840	6034
4898	 P	195880	942
4899	 P	195920	207
4900	 P	195960	322
4901	 P	196000	244
4902	 P	196040	1071
4903	 P	196080	302
4904	 P	196120	328
4905	 P	196160	249
4906	 P	196200	1131
4907	 P	196240	325
4908	 P	196280	304
4909	 P	196320	289
4910	 P	196360	1298
4911	 P	196400	332
4912	 P	196440	445
4913	 P	196480	339
4914	 P	196520	1161
4915	 P	196560	341
4916	 P	196600	406
4917	 P	196640	356
4918	 P	196680	1038
4919	 P	196720	366
4920	 P	196760	380
4921	 P	196800	318
4922	 P	196840	910
4923	 P	196880	287
4924	 P	196920	306
4925	 P	196960	290
4926	 P	197000	524
4927	 P	197040	270
4928	 P	197080	297
4929	 P	197120	5692
4930	 P	197160	1036
4931	 P	197200	323
4932	 P	197240	379
4933	 P	197280	338
4934	 P	197320	1083
4935	 P	197360	323
4936	 P	197400	373
4937	 P	197440	326
4938	 P	197480	1037
4939	 P	197520	340
4940	 P	197560	369
4941	 P	197600	315
4942	 P	197640	1081
4943	 P	197680	339
4944	 P	197720	323
4945	 P	197760	295
4946	 P	197800	1060
4947	 P	197840	285
4948	 P	197880	351
4949	 P	197920	341
4950	 P	197960	1157
4951	 P	198000	367
4952	 P	198040	384
4953	 P	198080	302
4954	 P	198120	1191
4955	 P	198160	391
4956	 P	198200	387
4957	 P	198240	273
4958	 P	198280	474
4959	 P	198320	267
4960	 P	198360	327
4961	 P	198400	6013
4962	 P	198440	1002
4963	 P	198480	359
4964	 P	198520	340
4965	 P	198560	286
4966	 P	198600	1174
4967	 P	198640	310
4968	 P	198680	319
4969	 P	198720	318
4970	 P	198760	1108
4971	 P	198800	272
4972	 P	198840	326
4973	 P	198880	307
4974	 P	198920	966
4975	 P	198960	273
4976	 P	199000	310
4977	 P	199040	307
4978	 P	199080	1054
4979	 P	199120	323
4980	 P	199160	315
4981	 P	199200	311
4982	 P	199240	993
4983	 P	199280	285
4984	 P	199320	338
4985	 P	199360	237
4986	 P	199400	914
4987	 P	199440	280
4988	 P	199480	300
4989	 P	199520	288
4990	 P	199560	411
4991	 P	199600	268
4992	 P	199640	300
4993	 P	199680	4768
4994	 P	199720	411
4995	 P	199760	234
4996	 P	199800	293
4997	 P	199840	346
4998	 P	199880	435
4999	 P	199920	271
5000	 P	199960	264
	 		
