1	I	0	9263
2	 P	40	1131
3	 P	80	190
4	 P	120	260
5	 P	160	212
6	 P	200	344
7	 P	240	139
8	 P	280	162
9	 P	320	175
10	 P	360	392
11	 P	400	175
12	 P	440	223
13	 P	480	188
14	 P	520	555
15	 P	560	179
16	 P	600	245
17	 P	640	180
18	 P	680	619
19	 P	720	165
20	 P	760	201
21	 P	800	187
22	 P	840	719
23	 P	880	155
24	 P	920	233
25	 P	960	170
26	 P	1000	924
27	 P	1040	200
28	 P	1080	225
29	 P	1120	136
30	 P	1160	284
31	 P	1200	158
32	 P	1240	171
33	 P	1280	7624
34	 P	1320	897
35	 P	1360	208
36	 P	1400	221
37	 P	1440	191
38	 P	1480	561
39	 P	1520	115
40	 P	1560	202
41	 P	1600	167
42	 P	1640	730
43	 P	1680	164
44	 P	1720	202
45	 P	1760	139
46	 P	1800	781
47	 P	1840	172
48	 P	1880	179
49	 P	1920	124
50	 P	1960	829
51	 P	2000	190
52	 P	2040	214
53	 P	2080	156
54	 P	2120	911
55	 P	2160	176
56	 P	2200	203
57	 P	2240	139
58	 P	2280	1144
59	 P	2320	219
60	 P	2360	212
61	 P	2400	141
62	 P	2440	380
63	 P	2480	173
64	 P	2520	180
65	 P	2560	9155
66	 P	2600	1062
67	 P	2640	188
68	 P	2680	249
69	 P	2720	176
70	 P	2760	711
71	 P	2800	192
72	 P	2840	255
73	 P	2880	186
74	 P	2920	887
75	 P	2960	172
76	 P	3000	233
77	 P	3040	198
78	 P	3080	1010
79	 P	3120	191
80	 P	3160	200
81	 P	3200	159
82	 P	3240	990
83	 P	3280	208
84	 P	3320	198
85	 P	3360	169
86	 P	3400	1156
87	 P	3440	198
88	 P	3480	176
89	 P	3520	114
90	 P	3560	1103
91	 P	3600	214
92	 P	3640	219
93	 P	3680	149
94	 P	3720	337
95	 P	3760	171
96	 P	3800	207
97	 P	3840	10163
98	 P	3880	933
99	 P	3920	161
100	 P	3960	229
101	 P	4000	188
102	 P	4040	738
103	 P	4080	186
104	 P	4120	222
105	 P	4160	160
106	 P	4200	769
107	 P	4240	172
108	 P	4280	198
109	 P	4320	166
110	 P	4360	951
111	 P	4400	185
112	 P	4440	191
113	 P	4480	143
114	 P	4520	1029
115	 P	4560	204
116	 P	4600	218
117	 P	4640	150
118	 P	4680	943
119	 P	4720	163
120	 P	4760	194
121	 P	4800	151
122	 P	4840	1122
123	 P	4880	214
124	 P	4920	198
125	 P	4960	146
126	 P	5000	332
127	 P	5040	155
128	 P	5080	194
129	 P	5120	10519
130	 P	5160	819
131	 P	5200	140
132	 P	5240	183
133	 P	5280	121
134	 P	5320	641
135	 P	5360	183
136	 P	5400	200
137	 P	5440	181
138	 P	5480	834
139	 P	5520	162
140	 P	5560	180
141	 P	5600	173
142	 P	5640	881
143	 P	5680	155
144	 P	5720	199
145	 P	5760	164
146	 P	5800	1042
147	 P	5840	183
148	 P	5880	176
149	 P	5920	151
150	 P	5960	1112
151	 P	6000	199
152	 P	6040	214
153	 P	6080	174
154	 P	6120	1151
155	 P	6160	201
156	 P	6200	188
157	 P	6240	167
158	 P	6280	368
159	 P	6320	164
160	 P	6360	188
161	 P	6400	11560
162	 P	6440	655
163	 P	6480	135
164	 P	6520	187
165	 P	6560	180
166	 P	6600	524
167	 P	6640	185
168	 P	6680	184
169	 P	6720	160
170	 P	6760	665
171	 P	6800	162
172	 P	6840	117
173	 P	6880	137
174	 P	6920	641
175	 P	6960	159
176	 P	7000	167
177	 P	7040	162
178	 P	7080	738
179	 P	7120	165
180	 P	7160	142
181	 P	7200	143
182	 P	7240	761
183	 P	7280	133
184	 P	7320	156
185	 P	7360	137
186	 P	7400	827
187	 P	7440	155
188	 P	7480	195
189	 P	7520	152
190	 P	7560	280
191	 P	7600	191
192	 P	7640	198
193	 P	7680	11526
194	 P	7720	651
195	 P	7760	142
196	 P	7800	187
197	 P	7840	146
198	 P	7880	612
199	 P	7920	178
200	 P	7960	181
201	 P	8000	152
202	 P	8040	716
203	 P	8080	147
204	 P	8120	154
205	 P	8160	182
206	 P	8200	780
207	 P	8240	173
208	 P	8280	190
209	 P	8320	170
210	 P	8360	781
211	 P	8400	152
212	 P	8440	205
213	 P	8480	164
214	 P	8520	819
215	 P	8560	194
216	 P	8600	222
217	 P	8640	164
218	 P	8680	1031
219	 P	8720	207
220	 P	8760	237
221	 P	8800	182
222	 P	8840	337
223	 P	8880	203
224	 P	8920	244
225	 P	8960	11662
226	 P	9000	832
227	 P	9040	186
228	 P	9080	216
229	 P	9120	144
230	 P	9160	588
231	 P	9200	163
232	 P	9240	205
233	 P	9280	144
234	 P	9320	690
235	 P	9360	122
236	 P	9400	180
237	 P	9440	117
238	 P	9480	760
239	 P	9520	157
240	 P	9560	189
241	 P	9600	142
242	 P	9640	861
243	 P	9680	158
244	 P	9720	239
245	 P	9760	174
246	 P	9800	805
247	 P	9840	184
248	 P	9880	198
249	 P	9920	148
250	 P	9960	749
251	 P	10000	146
252	 P	10040	191
253	 P	10080	143
254	 P	10120	288
255	 P	10160	120
256	 P	10200	178
257	 P	10240	12119
258	 P	10280	656
259	 P	10320	167
260	 P	10360	210
261	 P	10400	154
262	 P	10440	612
263	 P	10480	146
264	 P	10520	185
265	 P	10560	123
266	 P	10600	685
267	 P	10640	159
268	 P	10680	174
269	 P	10720	161
270	 P	10760	707
271	 P	10800	150
272	 P	10840	176
273	 P	10880	162
274	 P	10920	963
275	 P	10960	182
276	 P	11000	194
277	 P	11040	180
278	 P	11080	827
279	 P	11120	161
280	 P	11160	197
281	 P	11200	125
282	 P	11240	825
283	 P	11280	195
284	 P	11320	209
285	 P	11360	174
286	 P	11400	242
287	 P	11440	168
288	 P	11480	155
289	 P	11520	10902
290	 P	11560	410
291	 P	11600	114
292	 P	11640	191
293	 P	11680	156
294	 P	11720	392
295	 P	11760	146
296	 P	11800	183
297	 P	11840	202
298	 P	11880	255
299	 P	11920	143
300	 P	11960	153
301	 P	12000	10157
302	 P	12040	584
303	 P	12080	134
304	 P	12120	176
305	 P	12160	180
306	 P	12200	648
307	 P	12240	161
308	 P	12280	209
309	 P	12320	212
310	 P	12360	699
311	 P	12400	169
312	 P	12440	251
313	 P	12480	199
314	 P	12520	821
315	 P	12560	200
316	 P	12600	232
317	 P	12640	174
318	 P	12680	316
319	 P	12720	154
320	 P	12760	211
321	 P	12800	9936
322	 P	12840	607
323	 P	12880	150
324	 P	12920	219
325	 P	12960	180
326	 P	13000	755
327	 P	13040	189
328	 P	13080	236
329	 P	13120	183
330	 P	13160	754
331	 P	13200	158
332	 P	13240	197
333	 P	13280	181
334	 P	13320	832
335	 P	13360	157
336	 P	13400	207
337	 P	13440	159
338	 P	13480	895
339	 P	13520	165
340	 P	13560	220
341	 P	13600	157
342	 P	13640	969
343	 P	13680	173
344	 P	13720	194
345	 P	13760	168
346	 P	13800	893
347	 P	13840	192
348	 P	13880	202
349	 P	13920	151
350	 P	13960	294
351	 P	14000	174
352	 P	14040	169
353	 P	14080	9736
354	 P	14120	646
355	 P	14160	138
356	 P	14200	219
357	 P	14240	172
358	 P	14280	766
359	 P	14320	193
360	 P	14360	220
361	 P	14400	182
362	 P	14440	863
363	 P	14480	207
364	 P	14520	224
365	 P	14560	164
366	 P	14600	898
367	 P	14640	179
368	 P	14680	227
369	 P	14720	169
370	 P	14760	1011
371	 P	14800	204
372	 P	14840	232
373	 P	14880	165
374	 P	14920	1006
375	 P	14960	197
376	 P	15000	210
377	 P	15040	140
378	 P	15080	1016
379	 P	15120	192
380	 P	15160	216
381	 P	15200	136
382	 P	15240	313
383	 P	15280	146
384	 P	15320	189
385	 P	15360	9929
386	 P	15400	666
387	 P	15440	128
388	 P	15480	191
389	 P	15520	181
390	 P	15560	816
391	 P	15600	186
392	 P	15640	208
393	 P	15680	175
394	 P	15720	892
395	 P	15760	169
396	 P	15800	203
397	 P	15840	154
398	 P	15880	1020
399	 P	15920	186
400	 P	15960	200
401	 P	16000	148
402	 P	16040	960
403	 P	16080	178
404	 P	16120	215
405	 P	16160	169
406	 P	16200	968
407	 P	16240	189
408	 P	16280	217
409	 P	16320	138
410	 P	16360	987
411	 P	16400	197
412	 P	16440	203
413	 P	16480	141
414	 P	16520	297
415	 P	16560	157
416	 P	16600	196
417	 P	16640	10280
418	 P	16680	610
419	 P	16720	106
420	 P	16760	190
421	 P	16800	175
422	 P	16840	784
423	 P	16880	189
424	 P	16920	194
425	 P	16960	157
426	 P	17000	900
427	 P	17040	168
428	 P	17080	156
429	 P	17120	127
430	 P	17160	891
431	 P	17200	161
432	 P	17240	160
433	 P	17280	131
434	 P	17320	963
435	 P	17360	160
436	 P	17400	181
437	 P	17440	158
438	 P	17480	931
439	 P	17520	174
440	 P	17560	187
441	 P	17600	96
442	 P	17640	990
443	 P	17680	179
444	 P	17720	169
445	 P	17760	158
446	 P	17800	324
447	 P	17840	152
448	 P	17880	187
449	 P	17920	10483
450	 P	17960	652
451	 P	18000	140
452	 P	18040	204
453	 P	18080	186
454	 P	18120	748
455	 P	18160	189
456	 P	18200	238
457	 P	18240	195
458	 P	18280	901
459	 P	18320	163
460	 P	18360	217
461	 P	18400	150
462	 P	18440	879
463	 P	18480	161
464	 P	18520	208
465	 P	18560	150
466	 P	18600	755
467	 P	18640	176
468	 P	18680	178
469	 P	18720	163
470	 P	18760	839
471	 P	18800	136
472	 P	18840	177
473	 P	18880	129
474	 P	18920	768
475	 P	18960	157
476	 P	19000	152
477	 P	19040	158
478	 P	19080	229
479	 P	19120	131
480	 P	19160	133
481	 P	19200	11106
482	 P	19240	499
483	 P	19280	107
484	 P	19320	147
485	 P	19360	118
486	 P	19400	509
487	 P	19440	142
488	 P	19480	167
489	 P	19520	117
490	 P	19560	649
491	 P	19600	134
492	 P	19640	180
493	 P	19680	180
494	 P	19720	618
495	 P	19760	169
496	 P	19800	164
497	 P	19840	157
498	 P	19880	742
499	 P	19920	146
500	 P	19960	186
501	 P	20000	151
502	 P	20040	812
503	 P	20080	141
504	 P	20120	156
505	 P	20160	175
506	 P	20200	766
507	 P	20240	176
508	 P	20280	213
509	 P	20320	167
510	 P	20360	276
511	 P	20400	113
512	 P	20440	173
513	 P	20480	11024
514	 P	20520	597
515	 P	20560	170
516	 P	20600	221
517	 P	20640	175
518	 P	20680	687
519	 P	20720	197
520	 P	20760	220
521	 P	20800	158
522	 P	20840	889
523	 P	20880	182
524	 P	20920	266
525	 P	20960	197
526	 P	21000	984
527	 P	21040	182
528	 P	21080	178
529	 P	21120	134
530	 P	21160	826
531	 P	21200	167
532	 P	21240	183
533	 P	21280	136
534	 P	21320	757
535	 P	21360	135
536	 P	21400	183
537	 P	21440	115
538	 P	21480	880
539	 P	21520	148
540	 P	21560	162
541	 P	21600	143
542	 P	21640	280
543	 P	21680	137
544	 P	21720	159
545	 P	21760	11912
546	 P	21800	540
547	 P	21840	119
548	 P	21880	189
549	 P	21920	139
550	 P	21960	514
551	 P	22000	135
552	 P	22040	166
553	 P	22080	126
554	 P	22120	629
555	 P	22160	93
556	 P	22200	153
557	 P	22240	138
558	 P	22280	734
559	 P	22320	176
560	 P	22360	224
561	 P	22400	171
562	 P	22440	739
563	 P	22480	155
564	 P	22520	196
565	 P	22560	157
566	 P	22600	719
567	 P	22640	162
568	 P	22680	177
569	 P	22720	161
570	 P	22760	757
571	 P	22800	170
572	 P	22840	195
573	 P	22880	171
574	 P	22920	295
575	 P	22960	143
576	 P	23000	144
577	 P	23040	11871
578	 P	23080	651
579	 P	23120	145
580	 P	23160	181
581	 P	23200	151
582	 P	23240	565
583	 P	23280	128
584	 P	23320	199
585	 P	23360	145
586	 P	23400	581
587	 P	23440	144
588	 P	23480	149
589	 P	23520	155
590	 P	23560	524
591	 P	23600	173
592	 P	23640	181
593	 P	23680	143
594	 P	23720	427
595	 P	23760	128
596	 P	23800	159
597	 P	23840	210
598	 P	23880	279
599	 P	23920	138
600	 P	23960	149
601	 P	24000	9760
602	 P	24040	550
603	 P	24080	135
604	 P	24120	207
605	 P	24160	187
606	 P	24200	684
607	 P	24240	195
608	 P	24280	238
609	 P	24320	202
610	 P	24360	762
611	 P	24400	197
612	 P	24440	220
613	 P	24480	162
614	 P	24520	856
615	 P	24560	175
616	 P	24600	218
617	 P	24640	145
618	 P	24680	866
619	 P	24720	194
620	 P	24760	232
621	 P	24800	171
622	 P	24840	870
623	 P	24880	160
624	 P	24920	207
625	 P	24960	138
626	 P	25000	1005
627	 P	25040	194
628	 P	25080	231
629	 P	25120	150
630	 P	25160	330
631	 P	25200	152
632	 P	25240	216
633	 P	25280	9923
634	 P	25320	662
635	 P	25360	162
636	 P	25400	186
637	 P	25440	199
638	 P	25480	877
639	 P	25520	186
640	 P	25560	258
641	 P	25600	191
642	 P	25640	872
643	 P	25680	184
644	 P	25720	215
645	 P	25760	166
646	 P	25800	868
647	 P	25840	193
648	 P	25880	220
649	 P	25920	149
650	 P	25960	906
651	 P	26000	207
652	 P	26040	196
653	 P	26080	156
654	 P	26120	979
655	 P	26160	199
656	 P	26200	209
657	 P	26240	182
658	 P	26280	981
659	 P	26320	227
660	 P	26360	233
661	 P	26400	168
662	 P	26440	377
663	 P	26480	160
664	 P	26520	206
665	 P	26560	10058
666	 P	26600	773
667	 P	26640	113
668	 P	26680	249
669	 P	26720	170
670	 P	26760	896
671	 P	26800	206
672	 P	26840	212
673	 P	26880	202
674	 P	26920	939
675	 P	26960	201
676	 P	27000	247
677	 P	27040	175
678	 P	27080	989
679	 P	27120	202
680	 P	27160	220
681	 P	27200	146
682	 P	27240	983
683	 P	27280	201
684	 P	27320	206
685	 P	27360	141
686	 P	27400	1038
687	 P	27440	197
688	 P	27480	216
689	 P	27520	157
690	 P	27560	1025
691	 P	27600	190
692	 P	27640	214
693	 P	27680	148
694	 P	27720	318
695	 P	27760	167
696	 P	27800	199
697	 P	27840	10295
698	 P	27880	743
699	 P	27920	146
700	 P	27960	212
701	 P	28000	166
702	 P	28040	840
703	 P	28080	196
704	 P	28120	212
705	 P	28160	173
706	 P	28200	869
707	 P	28240	206
708	 P	28280	226
709	 P	28320	170
710	 P	28360	931
711	 P	28400	199
712	 P	28440	202
713	 P	28480	159
714	 P	28520	1029
715	 P	28560	195
716	 P	28600	207
717	 P	28640	135
718	 P	28680	893
719	 P	28720	170
720	 P	28760	194
721	 P	28800	152
722	 P	28840	1032
723	 P	28880	183
724	 P	28920	187
725	 P	28960	128
726	 P	29000	329
727	 P	29040	158
728	 P	29080	160
729	 P	29120	10415
730	 P	29160	699
731	 P	29200	121
732	 P	29240	194
733	 P	29280	148
734	 P	29320	754
735	 P	29360	163
736	 P	29400	201
737	 P	29440	147
738	 P	29480	899
739	 P	29520	169
740	 P	29560	196
741	 P	29600	161
742	 P	29640	911
743	 P	29680	181
744	 P	29720	200
745	 P	29760	187
746	 P	29800	957
747	 P	29840	184
748	 P	29880	197
749	 P	29920	184
750	 P	29960	976
751	 P	30000	218
752	 P	30040	218
753	 P	30080	151
754	 P	30120	1054
755	 P	30160	191
756	 P	30200	223
757	 P	30240	169
758	 P	30280	365
759	 P	30320	177
760	 P	30360	185
761	 P	30400	11470
762	 P	30440	608
763	 P	30480	134
764	 P	30520	181
765	 P	30560	174
766	 P	30600	617
767	 P	30640	166
768	 P	30680	180
769	 P	30720	138
770	 P	30760	708
771	 P	30800	170
772	 P	30840	142
773	 P	30880	135
774	 P	30920	693
775	 P	30960	135
776	 P	31000	164
777	 P	31040	158
778	 P	31080	675
779	 P	31120	153
780	 P	31160	153
781	 P	31200	135
782	 P	31240	729
783	 P	31280	134
784	 P	31320	155
785	 P	31360	129
786	 P	31400	720
787	 P	31440	145
788	 P	31480	187
789	 P	31520	169
790	 P	31560	271
791	 P	31600	170
792	 P	31640	152
793	 P	31680	11200
794	 P	31720	547
795	 P	31760	125
796	 P	31800	157
797	 P	31840	152
798	 P	31880	664
799	 P	31920	172
800	 P	31960	181
801	 P	32000	150
802	 P	32040	717
803	 P	32080	142
804	 P	32120	196
805	 P	32160	170
806	 P	32200	777
807	 P	32240	163
808	 P	32280	168
809	 P	32320	150
810	 P	32360	704
811	 P	32400	167
812	 P	32440	220
813	 P	32480	176
814	 P	32520	791
815	 P	32560	191
816	 P	32600	218
817	 P	32640	164
818	 P	32680	900
819	 P	32720	190
820	 P	32760	218
821	 P	32800	196
822	 P	32840	324
823	 P	32880	179
824	 P	32920	195
825	 P	32960	11174
826	 P	33000	775
827	 P	33040	136
828	 P	33080	186
829	 P	33120	134
830	 P	33160	650
831	 P	33200	149
832	 P	33240	195
833	 P	33280	140
834	 P	33320	676
835	 P	33360	122
836	 P	33400	174
837	 P	33440	111
838	 P	33480	753
839	 P	33520	152
840	 P	33560	185
841	 P	33600	128
842	 P	33640	815
843	 P	33680	156
844	 P	33720	231
845	 P	33760	137
846	 P	33800	754
847	 P	33840	174
848	 P	33880	176
849	 P	33920	135
850	 P	33960	660
851	 P	34000	154
852	 P	34040	159
853	 P	34080	133
854	 P	34120	267
855	 P	34160	101
856	 P	34200	171
857	 P	34240	11723
858	 P	34280	598
859	 P	34320	136
860	 P	34360	194
861	 P	34400	140
862	 P	34440	653
863	 P	34480	153
864	 P	34520	211
865	 P	34560	154
866	 P	34600	668
867	 P	34640	154
868	 P	34680	195
869	 P	34720	141
870	 P	34760	705
871	 P	34800	166
872	 P	34840	206
873	 P	34880	176
874	 P	34920	961
875	 P	34960	169
876	 P	35000	192
877	 P	35040	144
878	 P	35080	787
879	 P	35120	168
880	 P	35160	180
881	 P	35200	153
882	 P	35240	783
883	 P	35280	188
884	 P	35320	211
885	 P	35360	175
886	 P	35400	245
887	 P	35440	153
888	 P	35480	166
889	 P	35520	10527
890	 P	35560	354
891	 P	35600	107
892	 P	35640	181
893	 P	35680	144
894	 P	35720	344
895	 P	35760	121
896	 P	35800	172
897	 P	35840	193
898	 P	35880	258
899	 P	35920	122
900	 P	35960	166
901	 P	36000	9813
902	 P	36040	519
903	 P	36080	125
904	 P	36120	186
905	 P	36160	157
906	 P	36200	669
907	 P	36240	185
908	 P	36280	224
909	 P	36320	186
910	 P	36360	741
911	 P	36400	183
912	 P	36440	240
913	 P	36480	153
914	 P	36520	818
915	 P	36560	180
916	 P	36600	223
917	 P	36640	166
918	 P	36680	308
919	 P	36720	167
920	 P	36760	215
921	 P	36800	9806
922	 P	36840	594
923	 P	36880	139
924	 P	36920	211
925	 P	36960	178
926	 P	37000	772
927	 P	37040	194
928	 P	37080	224
929	 P	37120	138
930	 P	37160	794
931	 P	37200	183
932	 P	37240	208
933	 P	37280	164
934	 P	37320	847
935	 P	37360	176
936	 P	37400	206
937	 P	37440	163
938	 P	37480	891
939	 P	37520	149
940	 P	37560	218
941	 P	37600	165
942	 P	37640	989
943	 P	37680	184
944	 P	37720	217
945	 P	37760	161
946	 P	37800	865
947	 P	37840	188
948	 P	37880	211
949	 P	37920	164
950	 P	37960	285
951	 P	38000	158
952	 P	38040	172
953	 P	38080	9795
954	 P	38120	577
955	 P	38160	133
956	 P	38200	204
957	 P	38240	184
958	 P	38280	787
959	 P	38320	227
960	 P	38360	247
961	 P	38400	147
962	 P	38440	874
963	 P	38480	221
964	 P	38520	229
965	 P	38560	167
966	 P	38600	950
967	 P	38640	214
968	 P	38680	227
969	 P	38720	177
970	 P	38760	1016
971	 P	38800	229
972	 P	38840	200
973	 P	38880	141
974	 P	38920	1031
975	 P	38960	220
976	 P	39000	226
977	 P	39040	161
978	 P	39080	997
979	 P	39120	196
980	 P	39160	214
981	 P	39200	141
982	 P	39240	312
983	 P	39280	159
984	 P	39320	198
985	 P	39360	9927
986	 P	39400	665
987	 P	39440	121
988	 P	39480	196
989	 P	39520	185
990	 P	39560	784
991	 P	39600	178
992	 P	39640	208
993	 P	39680	166
994	 P	39720	914
995	 P	39760	205
996	 P	39800	221
997	 P	39840	163
998	 P	39880	1049
999	 P	39920	207
1000	 P	39960	200
1001	 P	40000	156
1002	 P	40040	959
1003	 P	40080	199
1004	 P	40120	203
1005	 P	40160	157
1006	 P	40200	885
1007	 P	40240	204
1008	 P	40280	205
1009	 P	40320	115
1010	 P	40360	996
1011	 P	40400	210
1012	 P	40440	193
1013	 P	40480	173
1014	 P	40520	281
1015	 P	40560	149
1016	 P	40600	183
1017	 P	40640	10281
1018	 P	40680	596
1019	 P	40720	120
1020	 P	40760	187
1021	 P	40800	160
1022	 P	40840	796
1023	 P	40880	179
1024	 P	40920	190
1025	 P	40960	128
1026	 P	41000	930
1027	 P	41040	170
1028	 P	41080	178
1029	 P	41120	138
1030	 P	41160	860
1031	 P	41200	152
1032	 P	41240	160
1033	 P	41280	124
1034	 P	41320	952
1035	 P	41360	161
1036	 P	41400	175
1037	 P	41440	148
1038	 P	41480	974
1039	 P	41520	154
1040	 P	41560	162
1041	 P	41600	130
1042	 P	41640	942
1043	 P	41680	187
1044	 P	41720	218
1045	 P	41760	149
1046	 P	41800	335
1047	 P	41840	147
1048	 P	41880	195
1049	 P	41920	10477
1050	 P	41960	647
1051	 P	42000	142
1052	 P	42040	199
1053	 P	42080	186
1054	 P	42120	805
1055	 P	42160	217
1056	 P	42200	224
1057	 P	42240	172
1058	 P	42280	902
1059	 P	42320	182
1060	 P	42360	253
1061	 P	42400	199
1062	 P	42440	873
1063	 P	42480	175
1064	 P	42520	179
1065	 P	42560	158
1066	 P	42600	831
1067	 P	42640	178
1068	 P	42680	190
1069	 P	42720	151
1070	 P	42760	866
1071	 P	42800	130
1072	 P	42840	159
1073	 P	42880	147
1074	 P	42920	755
1075	 P	42960	166
1076	 P	43000	166
1077	 P	43040	172
1078	 P	43080	239
1079	 P	43120	131
1080	 P	43160	141
1081	 P	43200	11028
1082	 P	43240	453
1083	 P	43280	106
1084	 P	43320	146
1085	 P	43360	119
1086	 P	43400	521
1087	 P	43440	147
1088	 P	43480	178
1089	 P	43520	125
1090	 P	43560	628
1091	 P	43600	145
1092	 P	43640	177
1093	 P	43680	169
1094	 P	43720	627
1095	 P	43760	159
1096	 P	43800	146
1097	 P	43840	170
1098	 P	43880	734
1099	 P	43920	144
1100	 P	43960	199
1101	 P	44000	147
1102	 P	44040	712
1103	 P	44080	162
1104	 P	44120	163
1105	 P	44160	172
1106	 P	44200	787
1107	 P	44240	201
1108	 P	44280	202
1109	 P	44320	164
1110	 P	44360	274
1111	 P	44400	124
1112	 P	44440	166
1113	 P	44480	10821
1114	 P	44520	567
1115	 P	44560	172
1116	 P	44600	181
1117	 P	44640	182
1118	 P	44680	682
1119	 P	44720	182
1120	 P	44760	211
1121	 P	44800	165
1122	 P	44840	864
1123	 P	44880	186
1124	 P	44920	243
1125	 P	44960	169
1126	 P	45000	993
1127	 P	45040	194
1128	 P	45080	196
1129	 P	45120	157
1130	 P	45160	809
1131	 P	45200	132
1132	 P	45240	180
1133	 P	45280	122
1134	 P	45320	782
1135	 P	45360	118
1136	 P	45400	144
1137	 P	45440	86
1138	 P	45480	823
1139	 P	45520	149
1140	 P	45560	198
1141	 P	45600	132
1142	 P	45640	255
1143	 P	45680	141
1144	 P	45720	174
1145	 P	45760	11731
1146	 P	45800	505
1147	 P	45840	114
1148	 P	45880	187
1149	 P	45920	148
1150	 P	45960	530
1151	 P	46000	138
1152	 P	46040	179
1153	 P	46080	122
1154	 P	46120	649
1155	 P	46160	122
1156	 P	46200	153
1157	 P	46240	156
1158	 P	46280	737
1159	 P	46320	153
1160	 P	46360	201
1161	 P	46400	150
1162	 P	46440	722
1163	 P	46480	132
1164	 P	46520	183
1165	 P	46560	161
1166	 P	46600	722
1167	 P	46640	178
1168	 P	46680	180
1169	 P	46720	148
1170	 P	46760	760
1171	 P	46800	142
1172	 P	46840	173
1173	 P	46880	174
1174	 P	46920	277
1175	 P	46960	148
1176	 P	47000	148
1177	 P	47040	11521
1178	 P	47080	592
1179	 P	47120	143
1180	 P	47160	173
1181	 P	47200	146
1182	 P	47240	589
1183	 P	47280	175
1184	 P	47320	193
1185	 P	47360	151
1186	 P	47400	615
1187	 P	47440	140
1188	 P	47480	179
1189	 P	47520	162
1190	 P	47560	500
1191	 P	47600	144
1192	 P	47640	191
1193	 P	47680	164
1194	 P	47720	402
1195	 P	47760	151
1196	 P	47800	161
1197	 P	47840	167
1198	 P	47880	279
1199	 P	47920	131
1200	 P	47960	163
1201	 P	48000	9666
1202	 P	48040	529
1203	 P	48080	139
1204	 P	48120	188
1205	 P	48160	173
1206	 P	48200	713
1207	 P	48240	199
1208	 P	48280	246
1209	 P	48320	191
1210	 P	48360	775
1211	 P	48400	209
1212	 P	48440	261
1213	 P	48480	185
1214	 P	48520	825
1215	 P	48560	200
1216	 P	48600	231
1217	 P	48640	149
1218	 P	48680	852
1219	 P	48720	193
1220	 P	48760	234
1221	 P	48800	165
1222	 P	48840	832
1223	 P	48880	148
1224	 P	48920	215
1225	 P	48960	148
1226	 P	49000	931
1227	 P	49040	180
1228	 P	49080	250
1229	 P	49120	150
1230	 P	49160	286
1231	 P	49200	149
1232	 P	49240	180
1233	 P	49280	9814
1234	 P	49320	639
1235	 P	49360	135
1236	 P	49400	199
1237	 P	49440	185
1238	 P	49480	828
1239	 P	49520	177
1240	 P	49560	245
1241	 P	49600	172
1242	 P	49640	877
1243	 P	49680	168
1244	 P	49720	208
1245	 P	49760	123
1246	 P	49800	799
1247	 P	49840	201
1248	 P	49880	207
1249	 P	49920	131
1250	 P	49960	824
1251	 P	50000	196
1252	 P	50040	188
1253	 P	50080	178
1254	 P	50120	924
1255	 P	50160	195
1256	 P	50200	242
1257	 P	50240	159
1258	 P	50280	955
1259	 P	50320	209
1260	 P	50360	226
1261	 P	50400	147
1262	 P	50440	392
1263	 P	50480	178
1264	 P	50520	200
1265	 P	50560	9962
1266	 P	50600	743
1267	 P	50640	124
1268	 P	50680	215
1269	 P	50720	167
1270	 P	50760	865
1271	 P	50800	201
1272	 P	50840	243
1273	 P	50880	185
1274	 P	50920	985
1275	 P	50960	212
1276	 P	51000	234
1277	 P	51040	176
1278	 P	51080	984
1279	 P	51120	199
1280	 P	51160	208
1281	 P	51200	146
1282	 P	51240	991
1283	 P	51280	214
1284	 P	51320	228
1285	 P	51360	168
1286	 P	51400	1078
1287	 P	51440	199
1288	 P	51480	218
1289	 P	51520	155
1290	 P	51560	1045
1291	 P	51600	191
1292	 P	51640	197
1293	 P	51680	142
1294	 P	51720	330
1295	 P	51760	149
1296	 P	51800	185
1297	 P	51840	10199
1298	 P	51880	731
1299	 P	51920	154
1300	 P	51960	204
1301	 P	52000	150
1302	 P	52040	858
1303	 P	52080	194
1304	 P	52120	190
1305	 P	52160	170
1306	 P	52200	825
1307	 P	52240	180
1308	 P	52280	215
1309	 P	52320	163
1310	 P	52360	949
1311	 P	52400	185
1312	 P	52440	216
1313	 P	52480	150
1314	 P	52520	926
1315	 P	52560	167
1316	 P	52600	224
1317	 P	52640	157
1318	 P	52680	890
1319	 P	52720	187
1320	 P	52760	188
1321	 P	52800	150
1322	 P	52840	1005
1323	 P	52880	180
1324	 P	52920	169
1325	 P	52960	150
1326	 P	53000	293
1327	 P	53040	136
1328	 P	53080	158
1329	 P	53120	10331
1330	 P	53160	661
1331	 P	53200	127
1332	 P	53240	181
1333	 P	53280	127
1334	 P	53320	734
1335	 P	53360	138
1336	 P	53400	196
1337	 P	53440	143
1338	 P	53480	873
1339	 P	53520	169
1340	 P	53560	197
1341	 P	53600	166
1342	 P	53640	900
1343	 P	53680	167
1344	 P	53720	187
1345	 P	53760	163
1346	 P	53800	957
1347	 P	53840	183
1348	 P	53880	205
1349	 P	53920	163
1350	 P	53960	978
1351	 P	54000	202
1352	 P	54040	202
1353	 P	54080	145
1354	 P	54120	1101
1355	 P	54160	199
1356	 P	54200	229
1357	 P	54240	170
1358	 P	54280	358
1359	 P	54320	162
1360	 P	54360	207
1361	 P	54400	11353
1362	 P	54440	547
1363	 P	54480	133
1364	 P	54520	161
1365	 P	54560	163
1366	 P	54600	661
1367	 P	54640	157
1368	 P	54680	183
1369	 P	54720	165
1370	 P	54760	689
1371	 P	54800	178
1372	 P	54840	133
1373	 P	54880	151
1374	 P	54920	714
1375	 P	54960	131
1376	 P	55000	172
1377	 P	55040	162
1378	 P	55080	671
1379	 P	55120	147
1380	 P	55160	165
1381	 P	55200	139
1382	 P	55240	735
1383	 P	55280	115
1384	 P	55320	153
1385	 P	55360	107
1386	 P	55400	694
1387	 P	55440	149
1388	 P	55480	170
1389	 P	55520	133
1390	 P	55560	288
1391	 P	55600	199
1392	 P	55640	156
1393	 P	55680	11136
1394	 P	55720	550
1395	 P	55760	144
1396	 P	55800	170
1397	 P	55840	130
1398	 P	55880	656
1399	 P	55920	156
1400	 P	55960	194
1401	 P	56000	141
1402	 P	56040	709
1403	 P	56080	147
1404	 P	56120	190
1405	 P	56160	203
1406	 P	56200	785
1407	 P	56240	173
1408	 P	56280	185
1409	 P	56320	144
1410	 P	56360	716
1411	 P	56400	155
1412	 P	56440	208
1413	 P	56480	185
1414	 P	56520	785
1415	 P	56560	182
1416	 P	56600	203
1417	 P	56640	173
1418	 P	56680	906
1419	 P	56720	196
1420	 P	56760	235
1421	 P	56800	175
1422	 P	56840	322
1423	 P	56880	183
1424	 P	56920	191
1425	 P	56960	11123
1426	 P	57000	700
1427	 P	57040	129
1428	 P	57080	184
1429	 P	57120	162
1430	 P	57160	629
1431	 P	57200	150
1432	 P	57240	181
1433	 P	57280	134
1434	 P	57320	703
1435	 P	57360	120
1436	 P	57400	161
1437	 P	57440	114
1438	 P	57480	741
1439	 P	57520	139
1440	 P	57560	151
1441	 P	57600	143
1442	 P	57640	813
1443	 P	57680	147
1444	 P	57720	225
1445	 P	57760	168
1446	 P	57800	706
1447	 P	57840	172
1448	 P	57880	203
1449	 P	57920	159
1450	 P	57960	659
1451	 P	58000	146
1452	 P	58040	180
1453	 P	58080	143
1454	 P	58120	279
1455	 P	58160	136
1456	 P	58200	124
1457	 P	58240	11624
1458	 P	58280	581
1459	 P	58320	154
1460	 P	58360	188
1461	 P	58400	115
1462	 P	58440	631
1463	 P	58480	171
1464	 P	58520	180
1465	 P	58560	155
1466	 P	58600	668
1467	 P	58640	174
1468	 P	58680	196
1469	 P	58720	140
1470	 P	58760	721
1471	 P	58800	146
1472	 P	58840	192
1473	 P	58880	162
1474	 P	58920	906
1475	 P	58960	169
1476	 P	59000	181
1477	 P	59040	155
1478	 P	59080	715
1479	 P	59120	166
1480	 P	59160	180
1481	 P	59200	143
1482	 P	59240	801
1483	 P	59280	182
1484	 P	59320	213
1485	 P	59360	154
1486	 P	59400	242
1487	 P	59440	159
1488	 P	59480	158
1489	 P	59520	10405
1490	 P	59560	355
1491	 P	59600	115
1492	 P	59640	164
1493	 P	59680	144
1494	 P	59720	352
1495	 P	59760	120
1496	 P	59800	166
1497	 P	59840	165
1498	 P	59880	257
1499	 P	59920	141
1500	 P	59960	161
1501	 P	60000	9679
1502	 P	60040	530
1503	 P	60080	131
1504	 P	60120	182
1505	 P	60160	169
1506	 P	60200	690
1507	 P	60240	184
1508	 P	60280	231
1509	 P	60320	196
1510	 P	60360	730
1511	 P	60400	201
1512	 P	60440	227
1513	 P	60480	167
1514	 P	60520	865
1515	 P	60560	166
1516	 P	60600	229
1517	 P	60640	162
1518	 P	60680	297
1519	 P	60720	180
1520	 P	60760	207
1521	 P	60800	9757
1522	 P	60840	568
1523	 P	60880	119
1524	 P	60920	196
1525	 P	60960	191
1526	 P	61000	787
1527	 P	61040	168
1528	 P	61080	243
1529	 P	61120	143
1530	 P	61160	795
1531	 P	61200	173
1532	 P	61240	208
1533	 P	61280	166
1534	 P	61320	811
1535	 P	61360	171
1536	 P	61400	231
1537	 P	61440	159
1538	 P	61480	909
1539	 P	61520	166
1540	 P	61560	233
1541	 P	61600	173
1542	 P	61640	970
1543	 P	61680	179
1544	 P	61720	204
1545	 P	61760	169
1546	 P	61800	778
1547	 P	61840	180
1548	 P	61880	209
1549	 P	61920	148
1550	 P	61960	280
1551	 P	62000	142
1552	 P	62040	180
1553	 P	62080	9762
1554	 P	62120	550
1555	 P	62160	129
1556	 P	62200	194
1557	 P	62240	179
1558	 P	62280	799
1559	 P	62320	202
1560	 P	62360	237
1561	 P	62400	166
1562	 P	62440	903
1563	 P	62480	215
1564	 P	62520	206
1565	 P	62560	169
1566	 P	62600	910
1567	 P	62640	199
1568	 P	62680	219
1569	 P	62720	146
1570	 P	62760	1045
1571	 P	62800	221
1572	 P	62840	211
1573	 P	62880	149
1574	 P	62920	1018
1575	 P	62960	190
1576	 P	63000	231
1577	 P	63040	166
1578	 P	63080	1027
1579	 P	63120	212
1580	 P	63160	209
1581	 P	63200	162
1582	 P	63240	331
1583	 P	63280	198
1584	 P	63320	172
1585	 P	63360	9930
1586	 P	63400	651
1587	 P	63440	133
1588	 P	63480	191
1589	 P	63520	172
1590	 P	63560	820
1591	 P	63600	179
1592	 P	63640	209
1593	 P	63680	165
1594	 P	63720	859
1595	 P	63760	172
1596	 P	63800	217
1597	 P	63840	128
1598	 P	63880	1053
1599	 P	63920	203
1600	 P	63960	230
1601	 P	64000	165
1602	 P	64040	976
1603	 P	64080	182
1604	 P	64120	207
1605	 P	64160	137
1606	 P	64200	933
1607	 P	64240	206
1608	 P	64280	211
1609	 P	64320	140
1610	 P	64360	995
1611	 P	64400	165
1612	 P	64440	208
1613	 P	64480	166
1614	 P	64520	272
1615	 P	64560	152
1616	 P	64600	183
1617	 P	64640	10250
1618	 P	64680	597
1619	 P	64720	125
1620	 P	64760	186
1621	 P	64800	179
1622	 P	64840	809
1623	 P	64880	172
1624	 P	64920	198
1625	 P	64960	168
1626	 P	65000	930
1627	 P	65040	167
1628	 P	65080	184
1629	 P	65120	154
1630	 P	65160	899
1631	 P	65200	145
1632	 P	65240	185
1633	 P	65280	141
1634	 P	65320	968
1635	 P	65360	168
1636	 P	65400	178
1637	 P	65440	140
1638	 P	65480	908
1639	 P	65520	162
1640	 P	65560	170
1641	 P	65600	131
1642	 P	65640	962
1643	 P	65680	184
1644	 P	65720	180
1645	 P	65760	168
1646	 P	65800	334
1647	 P	65840	155
1648	 P	65880	179
1649	 P	65920	10427
1650	 P	65960	628
1651	 P	66000	145
1652	 P	66040	192
1653	 P	66080	182
1654	 P	66120	846
1655	 P	66160	188
1656	 P	66200	225
1657	 P	66240	201
1658	 P	66280	953
1659	 P	66320	181
1660	 P	66360	234
1661	 P	66400	183
1662	 P	66440	899
1663	 P	66480	172
1664	 P	66520	201
1665	 P	66560	180
1666	 P	66600	817
1667	 P	66640	171
1668	 P	66680	179
1669	 P	66720	173
1670	 P	66760	765
1671	 P	66800	153
1672	 P	66840	163
1673	 P	66880	135
1674	 P	66920	756
1675	 P	66960	140
1676	 P	67000	152
1677	 P	67040	145
1678	 P	67080	209
1679	 P	67120	114
1680	 P	67160	131
1681	 P	67200	10958
1682	 P	67240	450
1683	 P	67280	123
1684	 P	67320	132
1685	 P	67360	112
1686	 P	67400	563
1687	 P	67440	136
1688	 P	67480	145
1689	 P	67520	127
1690	 P	67560	666
1691	 P	67600	155
1692	 P	67640	182
1693	 P	67680	152
1694	 P	67720	605
1695	 P	67760	152
1696	 P	67800	152
1697	 P	67840	137
1698	 P	67880	785
1699	 P	67920	163
1700	 P	67960	188
1701	 P	68000	146
1702	 P	68040	686
1703	 P	68080	148
1704	 P	68120	206
1705	 P	68160	174
1706	 P	68200	744
1707	 P	68240	150
1708	 P	68280	178
1709	 P	68320	135
1710	 P	68360	287
1711	 P	68400	125
1712	 P	68440	173
1713	 P	68480	10785
1714	 P	68520	599
1715	 P	68560	162
1716	 P	68600	174
1717	 P	68640	195
1718	 P	68680	719
1719	 P	68720	191
1720	 P	68760	226
1721	 P	68800	190
1722	 P	68840	866
1723	 P	68880	178
1724	 P	68920	218
1725	 P	68960	185
1726	 P	69000	955
1727	 P	69040	176
1728	 P	69080	201
1729	 P	69120	150
1730	 P	69160	798
1731	 P	69200	153
1732	 P	69240	180
1733	 P	69280	132
1734	 P	69320	722
1735	 P	69360	119
1736	 P	69400	167
1737	 P	69440	133
1738	 P	69480	815
1739	 P	69520	144
1740	 P	69560	173
1741	 P	69600	123
1742	 P	69640	248
1743	 P	69680	109
1744	 P	69720	170
1745	 P	69760	11635
1746	 P	69800	498
1747	 P	69840	90
1748	 P	69880	162
1749	 P	69920	161
1750	 P	69960	538
1751	 P	70000	136
1752	 P	70040	171
1753	 P	70080	132
1754	 P	70120	624
1755	 P	70160	120
1756	 P	70200	151
1757	 P	70240	155
1758	 P	70280	772
1759	 P	70320	162
1760	 P	70360	208
1761	 P	70400	117
1762	 P	70440	736
1763	 P	70480	141
1764	 P	70520	173
1765	 P	70560	141
1766	 P	70600	752
1767	 P	70640	145
1768	 P	70680	202
1769	 P	70720	127
1770	 P	70760	707
1771	 P	70800	172
1772	 P	70840	192
1773	 P	70880	197
1774	 P	70920	279
1775	 P	70960	180
1776	 P	71000	153
1777	 P	71040	11432
1778	 P	71080	612
1779	 P	71120	154
1780	 P	71160	162
1781	 P	71200	127
1782	 P	71240	612
1783	 P	71280	153
1784	 P	71320	206
1785	 P	71360	143
1786	 P	71400	598
1787	 P	71440	160
1788	 P	71480	179
1789	 P	71520	161
1790	 P	71560	501
1791	 P	71600	146
1792	 P	71640	174
1793	 P	71680	139
1794	 P	71720	379
1795	 P	71760	142
1796	 P	71800	151
1797	 P	71840	179
1798	 P	71880	276
1799	 P	71920	149
1800	 P	71960	178
1801	 P	72000	9547
1802	 P	72040	491
1803	 P	72080	152
1804	 P	72120	174
1805	 P	72160	177
1806	 P	72200	720
1807	 P	72240	178
1808	 P	72280	229
1809	 P	72320	168
1810	 P	72360	721
1811	 P	72400	186
1812	 P	72440	239
1813	 P	72480	194
1814	 P	72520	874
1815	 P	72560	180
1816	 P	72600	228
1817	 P	72640	135
1818	 P	72680	776
1819	 P	72720	164
1820	 P	72760	211
1821	 P	72800	173
1822	 P	72840	844
1823	 P	72880	164
1824	 P	72920	227
1825	 P	72960	160
1826	 P	73000	960
1827	 P	73040	191
1828	 P	73080	208
1829	 P	73120	124
1830	 P	73160	323
1831	 P	73200	152
1832	 P	73240	187
1833	 P	73280	9740
1834	 P	73320	627
1835	 P	73360	119
1836	 P	73400	204
1837	 P	73440	179
1838	 P	73480	836
1839	 P	73520	140
1840	 P	73560	243
1841	 P	73600	181
1842	 P	73640	895
1843	 P	73680	183
1844	 P	73720	195
1845	 P	73760	165
1846	 P	73800	844
1847	 P	73840	206
1848	 P	73880	199
1849	 P	73920	163
1850	 P	73960	829
1851	 P	74000	194
1852	 P	74040	211
1853	 P	74080	170
1854	 P	74120	896
1855	 P	74160	191
1856	 P	74200	217
1857	 P	74240	163
1858	 P	74280	923
1859	 P	74320	194
1860	 P	74360	237
1861	 P	74400	168
1862	 P	74440	374
1863	 P	74480	174
1864	 P	74520	196
1865	 P	74560	9870
1866	 P	74600	703
1867	 P	74640	122
1868	 P	74680	225
1869	 P	74720	170
1870	 P	74760	912
1871	 P	74800	206
1872	 P	74840	228
1873	 P	74880	180
1874	 P	74920	992
1875	 P	74960	220
1876	 P	75000	220
1877	 P	75040	137
1878	 P	75080	952
1879	 P	75120	216
1880	 P	75160	211
1881	 P	75200	161
1882	 P	75240	958
1883	 P	75280	209
1884	 P	75320	234
1885	 P	75360	149
1886	 P	75400	1091
1887	 P	75440	208
1888	 P	75480	195
1889	 P	75520	117
1890	 P	75560	1004
1891	 P	75600	199
1892	 P	75640	197
1893	 P	75680	172
1894	 P	75720	300
1895	 P	75760	162
1896	 P	75800	197
1897	 P	75840	10173
1898	 P	75880	728
1899	 P	75920	143
1900	 P	75960	198
1901	 P	76000	168
1902	 P	76040	824
1903	 P	76080	186
1904	 P	76120	205
1905	 P	76160	160
1906	 P	76200	840
1907	 P	76240	183
1908	 P	76280	218
1909	 P	76320	157
1910	 P	76360	882
1911	 P	76400	185
1912	 P	76440	207
1913	 P	76480	151
1914	 P	76520	981
1915	 P	76560	198
1916	 P	76600	230
1917	 P	76640	147
1918	 P	76680	969
1919	 P	76720	176
1920	 P	76760	202
1921	 P	76800	157
1922	 P	76840	999
1923	 P	76880	184
1924	 P	76920	171
1925	 P	76960	167
1926	 P	77000	295
1927	 P	77040	145
1928	 P	77080	179
1929	 P	77120	10345
1930	 P	77160	630
1931	 P	77200	124
1932	 P	77240	178
1933	 P	77280	136
1934	 P	77320	756
1935	 P	77360	138
1936	 P	77400	187
1937	 P	77440	142
1938	 P	77480	838
1939	 P	77520	177
1940	 P	77560	214
1941	 P	77600	170
1942	 P	77640	873
1943	 P	77680	158
1944	 P	77720	202
1945	 P	77760	173
1946	 P	77800	984
1947	 P	77840	166
1948	 P	77880	208
1949	 P	77920	159
1950	 P	77960	944
1951	 P	78000	193
1952	 P	78040	189
1953	 P	78080	138
1954	 P	78120	1063
1955	 P	78160	180
1956	 P	78200	220
1957	 P	78240	169
1958	 P	78280	324
1959	 P	78320	177
1960	 P	78360	210
1961	 P	78400	11264
1962	 P	78440	574
1963	 P	78480	110
1964	 P	78520	170
1965	 P	78560	166
1966	 P	78600	667
1967	 P	78640	160
1968	 P	78680	210
1969	 P	78720	175
1970	 P	78760	736
1971	 P	78800	151
1972	 P	78840	174
1973	 P	78880	155
1974	 P	78920	703
1975	 P	78960	143
1976	 P	79000	173
1977	 P	79040	157
1978	 P	79080	692
1979	 P	79120	156
1980	 P	79160	150
1981	 P	79200	123
1982	 P	79240	731
1983	 P	79280	123
1984	 P	79320	162
1985	 P	79360	109
1986	 P	79400	721
1987	 P	79440	146
1988	 P	79480	202
1989	 P	79520	148
1990	 P	79560	251
1991	 P	79600	164
1992	 P	79640	140
1993	 P	79680	11122
1994	 P	79720	532
1995	 P	79760	124
1996	 P	79800	155
1997	 P	79840	138
1998	 P	79880	681
1999	 P	79920	169
2000	 P	79960	169
2001	 P	80000	149
2002	 P	80040	684
2003	 P	80080	139
2004	 P	80120	176
2005	 P	80160	174
2006	 P	80200	721
2007	 P	80240	164
2008	 P	80280	165
2009	 P	80320	150
2010	 P	80360	764
2011	 P	80400	157
2012	 P	80440	214
2013	 P	80480	188
2014	 P	80520	763
2015	 P	80560	179
2016	 P	80600	213
2017	 P	80640	172
2018	 P	80680	909
2019	 P	80720	195
2020	 P	80760	207
2021	 P	80800	155
2022	 P	80840	324
2023	 P	80880	186
2024	 P	80920	195
2025	 P	80960	11044
2026	 P	81000	708
2027	 P	81040	128
2028	 P	81080	181
2029	 P	81120	157
2030	 P	81160	694
2031	 P	81200	159
2032	 P	81240	212
2033	 P	81280	119
2034	 P	81320	681
2035	 P	81360	126
2036	 P	81400	159
2037	 P	81440	115
2038	 P	81480	756
2039	 P	81520	152
2040	 P	81560	175
2041	 P	81600	127
2042	 P	81640	745
2043	 P	81680	167
2044	 P	81720	214
2045	 P	81760	166
2046	 P	81800	726
2047	 P	81840	161
2048	 P	81880	180
2049	 P	81920	136
2050	 P	81960	644
2051	 P	82000	136
2052	 P	82040	179
2053	 P	82080	145
2054	 P	82120	259
2055	 P	82160	99
2056	 P	82200	130
2057	 P	82240	11517
2058	 P	82280	558
2059	 P	82320	151
2060	 P	82360	204
2061	 P	82400	115
2062	 P	82440	676
2063	 P	82480	148
2064	 P	82520	173
2065	 P	82560	150
2066	 P	82600	660
2067	 P	82640	156
2068	 P	82680	181
2069	 P	82720	151
2070	 P	82760	748
2071	 P	82800	160
2072	 P	82840	191
2073	 P	82880	159
2074	 P	82920	844
2075	 P	82960	168
2076	 P	83000	154
2077	 P	83040	104
2078	 P	83080	763
2079	 P	83120	161
2080	 P	83160	184
2081	 P	83200	135
2082	 P	83240	797
2083	 P	83280	198
2084	 P	83320	205
2085	 P	83360	166
2086	 P	83400	238
2087	 P	83440	140
2088	 P	83480	143
2089	 P	83520	10320
2090	 P	83560	368
2091	 P	83600	107
2092	 P	83640	173
2093	 P	83680	138
2094	 P	83720	334
2095	 P	83760	127
2096	 P	83800	169
2097	 P	83840	169
2098	 P	83880	249
2099	 P	83920	113
2100	 P	83960	158
2101	 P	84000	9666
2102	 P	84040	537
2103	 P	84080	140
2104	 P	84120	182
2105	 P	84160	171
2106	 P	84200	678
2107	 P	84240	166
2108	 P	84280	238
2109	 P	84320	197
2110	 P	84360	752
2111	 P	84400	195
2112	 P	84440	222
2113	 P	84480	141
2114	 P	84520	865
2115	 P	84560	179
2116	 P	84600	239
2117	 P	84640	156
2118	 P	84680	300
2119	 P	84720	157
2120	 P	84760	185
2121	 P	84800	9709
2122	 P	84840	601
2123	 P	84880	119
2124	 P	84920	201
2125	 P	84960	195
2126	 P	85000	722
2127	 P	85040	181
2128	 P	85080	225
2129	 P	85120	184
2130	 P	85160	818
2131	 P	85200	191
2132	 P	85240	222
2133	 P	85280	127
2134	 P	85320	889
2135	 P	85360	190
2136	 P	85400	216
2137	 P	85440	176
2138	 P	85480	919
2139	 P	85520	170
2140	 P	85560	225
2141	 P	85600	163
2142	 P	85640	968
2143	 P	85680	168
2144	 P	85720	210
2145	 P	85760	121
2146	 P	85800	859
2147	 P	85840	203
2148	 P	85880	184
2149	 P	85920	125
2150	 P	85960	296
2151	 P	86000	151
2152	 P	86040	174
2153	 P	86080	9722
2154	 P	86120	564
2155	 P	86160	141
2156	 P	86200	193
2157	 P	86240	182
2158	 P	86280	811
2159	 P	86320	194
2160	 P	86360	229
2161	 P	86400	179
2162	 P	86440	890
2163	 P	86480	211
2164	 P	86520	214
2165	 P	86560	165
2166	 P	86600	915
2167	 P	86640	213
2168	 P	86680	233
2169	 P	86720	143
2170	 P	86760	1037
2171	 P	86800	208
2172	 P	86840	243
2173	 P	86880	167
2174	 P	86920	1023
2175	 P	86960	203
2176	 P	87000	213
2177	 P	87040	170
2178	 P	87080	990
2179	 P	87120	208
2180	 P	87160	198
2181	 P	87200	152
2182	 P	87240	293
2183	 P	87280	178
2184	 P	87320	190
2185	 P	87360	9896
2186	 P	87400	649
2187	 P	87440	144
2188	 P	87480	180
2189	 P	87520	147
2190	 P	87560	792
2191	 P	87600	197
2192	 P	87640	210
2193	 P	87680	152
2194	 P	87720	892
2195	 P	87760	152
2196	 P	87800	213
2197	 P	87840	140
2198	 P	87880	1057
2199	 P	87920	212
2200	 P	87960	218
2201	 P	88000	153
2202	 P	88040	935
2203	 P	88080	187
2204	 P	88120	211
2205	 P	88160	171
2206	 P	88200	919
2207	 P	88240	195
2208	 P	88280	206
2209	 P	88320	187
2210	 P	88360	1023
2211	 P	88400	195
2212	 P	88440	203
2213	 P	88480	164
2214	 P	88520	279
2215	 P	88560	140
2216	 P	88600	194
2217	 P	88640	10219
2218	 P	88680	626
2219	 P	88720	115
2220	 P	88760	197
2221	 P	88800	155
2222	 P	88840	782
2223	 P	88880	176
2224	 P	88920	204
2225	 P	88960	178
2226	 P	89000	904
2227	 P	89040	179
2228	 P	89080	172
2229	 P	89120	151
2230	 P	89160	862
2231	 P	89200	150
2232	 P	89240	170
2233	 P	89280	114
2234	 P	89320	927
2235	 P	89360	166
2236	 P	89400	177
2237	 P	89440	118
2238	 P	89480	903
2239	 P	89520	159
2240	 P	89560	193
2241	 P	89600	166
2242	 P	89640	974
2243	 P	89680	172
2244	 P	89720	193
2245	 P	89760	152
2246	 P	89800	338
2247	 P	89840	143
2248	 P	89880	185
2249	 P	89920	10410
2250	 P	89960	608
2251	 P	90000	139
2252	 P	90040	192
2253	 P	90080	172
2254	 P	90120	823
2255	 P	90160	190
2256	 P	90200	225
2257	 P	90240	211
2258	 P	90280	875
2259	 P	90320	166
2260	 P	90360	241
2261	 P	90400	174
2262	 P	90440	858
2263	 P	90480	163
2264	 P	90520	185
2265	 P	90560	182
2266	 P	90600	806
2267	 P	90640	159
2268	 P	90680	176
2269	 P	90720	160
2270	 P	90760	800
2271	 P	90800	163
2272	 P	90840	162
2273	 P	90880	151
2274	 P	90920	807
2275	 P	90960	165
2276	 P	91000	150
2277	 P	91040	168
2278	 P	91080	240
2279	 P	91120	114
2280	 P	91160	135
2281	 P	91200	10962
2282	 P	91240	424
2283	 P	91280	87
2284	 P	91320	133
2285	 P	91360	106
2286	 P	91400	526
2287	 P	91440	132
2288	 P	91480	163
2289	 P	91520	133
2290	 P	91560	645
2291	 P	91600	144
2292	 P	91640	177
2293	 P	91680	173
2294	 P	91720	634
2295	 P	91760	167
2296	 P	91800	150
2297	 P	91840	137
2298	 P	91880	722
2299	 P	91920	166
2300	 P	91960	174
2301	 P	92000	128
2302	 P	92040	696
2303	 P	92080	136
2304	 P	92120	215
2305	 P	92160	171
2306	 P	92200	811
2307	 P	92240	181
2308	 P	92280	192
2309	 P	92320	158
2310	 P	92360	285
2311	 P	92400	125
2312	 P	92440	188
2313	 P	92480	10747
2314	 P	92520	544
2315	 P	92560	157
2316	 P	92600	172
2317	 P	92640	146
2318	 P	92680	713
2319	 P	92720	186
2320	 P	92760	213
2321	 P	92800	179
2322	 P	92840	814
2323	 P	92880	180
2324	 P	92920	207
2325	 P	92960	176
2326	 P	93000	943
2327	 P	93040	173
2328	 P	93080	203
2329	 P	93120	120
2330	 P	93160	749
2331	 P	93200	145
2332	 P	93240	184
2333	 P	93280	96
2334	 P	93320	748
2335	 P	93360	119
2336	 P	93400	171
2337	 P	93440	106
2338	 P	93480	780
2339	 P	93520	135
2340	 P	93560	189
2341	 P	93600	125
2342	 P	93640	256
2343	 P	93680	136
2344	 P	93720	164
2345	 P	93760	11549
2346	 P	93800	501
2347	 P	93840	124
2348	 P	93880	172
2349	 P	93920	163
2350	 P	93960	565
2351	 P	94000	126
2352	 P	94040	151
2353	 P	94080	142
2354	 P	94120	600
2355	 P	94160	111
2356	 P	94200	137
2357	 P	94240	153
2358	 P	94280	730
2359	 P	94320	157
2360	 P	94360	205
2361	 P	94400	154
2362	 P	94440	695
2363	 P	94480	157
2364	 P	94520	194
2365	 P	94560	160
2366	 P	94600	690
2367	 P	94640	145
2368	 P	94680	190
2369	 P	94720	141
2370	 P	94760	736
2371	 P	94800	177
2372	 P	94840	195
2373	 P	94880	190
2374	 P	94920	272
2375	 P	94960	138
2376	 P	95000	141
2377	 P	95040	11450
2378	 P	95080	602
2379	 P	95120	125
2380	 P	95160	169
2381	 P	95200	141
2382	 P	95240	599
2383	 P	95280	153
2384	 P	95320	194
2385	 P	95360	134
2386	 P	95400	629
2387	 P	95440	144
2388	 P	95480	180
2389	 P	95520	176
2390	 P	95560	495
2391	 P	95600	153
2392	 P	95640	191
2393	 P	95680	157
2394	 P	95720	410
2395	 P	95760	140
2396	 P	95800	137
2397	 P	95840	167
2398	 P	95880	254
2399	 P	95920	122
2400	 P	95960	167
2401	 P	96000	9486
2402	 P	96040	524
2403	 P	96080	149
2404	 P	96120	187
2405	 P	96160	183
2406	 P	96200	688
2407	 P	96240	178
2408	 P	96280	244
2409	 P	96320	196
2410	 P	96360	773
2411	 P	96400	174
2412	 P	96440	239
2413	 P	96480	160
2414	 P	96520	835
2415	 P	96560	160
2416	 P	96600	220
2417	 P	96640	167
2418	 P	96680	762
2419	 P	96720	166
2420	 P	96760	226
2421	 P	96800	187
2422	 P	96840	819
2423	 P	96880	202
2424	 P	96920	225
2425	 P	96960	162
2426	 P	97000	961
2427	 P	97040	191
2428	 P	97080	228
2429	 P	97120	175
2430	 P	97160	326
2431	 P	97200	157
2432	 P	97240	183
2433	 P	97280	9763
2434	 P	97320	636
2435	 P	97360	108
2436	 P	97400	203
2437	 P	97440	202
2438	 P	97480	869
2439	 P	97520	166
2440	 P	97560	243
2441	 P	97600	185
2442	 P	97640	907
2443	 P	97680	190
2444	 P	97720	205
2445	 P	97760	161
2446	 P	97800	811
2447	 P	97840	194
2448	 P	97880	215
2449	 P	97920	153
2450	 P	97960	801
2451	 P	98000	186
2452	 P	98040	220
2453	 P	98080	198
2454	 P	98120	887
2455	 P	98160	206
2456	 P	98200	223
2457	 P	98240	174
2458	 P	98280	868
2459	 P	98320	199
2460	 P	98360	221
2461	 P	98400	192
2462	 P	98440	376
2463	 P	98480	183
2464	 P	98520	183
2465	 P	98560	9842
2466	 P	98600	664
2467	 P	98640	115
2468	 P	98680	230
2469	 P	98720	197
2470	 P	98760	942
2471	 P	98800	217
2472	 P	98840	222
2473	 P	98880	183
2474	 P	98920	991
2475	 P	98960	223
2476	 P	99000	237
2477	 P	99040	165
2478	 P	99080	1012
2479	 P	99120	204
2480	 P	99160	204
2481	 P	99200	170
2482	 P	99240	936
2483	 P	99280	198
2484	 P	99320	226
2485	 P	99360	168
2486	 P	99400	1052
2487	 P	99440	227
2488	 P	99480	202
2489	 P	99520	128
2490	 P	99560	995
2491	 P	99600	191
2492	 P	99640	213
2493	 P	99680	150
2494	 P	99720	324
2495	 P	99760	176
2496	 P	99800	198
2497	 P	99840	10159
2498	 P	99880	729
2499	 P	99920	144
2500	 P	99960	211
2501	 P	100000	180
2502	 P	100040	863
2503	 P	100080	190
2504	 P	100120	209
2505	 P	100160	161
2506	 P	100200	825
2507	 P	100240	182
2508	 P	100280	202
2509	 P	100320	138
2510	 P	100360	901
2511	 P	100400	194
2512	 P	100440	218
2513	 P	100480	157
2514	 P	100520	954
2515	 P	100560	202
2516	 P	100600	225
2517	 P	100640	133
2518	 P	100680	951
2519	 P	100720	174
2520	 P	100760	207
2521	 P	100800	127
2522	 P	100840	1001
2523	 P	100880	187
2524	 P	100920	193
2525	 P	100960	113
2526	 P	101000	293
2527	 P	101040	134
2528	 P	101080	169
2529	 P	101120	10192
2530	 P	101160	630
2531	 P	101200	132
2532	 P	101240	173
2533	 P	101280	143
2534	 P	101320	709
2535	 P	101360	145
2536	 P	101400	187
2537	 P	101440	168
2538	 P	101480	826
2539	 P	101520	174
2540	 P	101560	189
2541	 P	101600	165
2542	 P	101640	925
2543	 P	101680	158
2544	 P	101720	202
2545	 P	101760	168
2546	 P	101800	939
2547	 P	101840	194
2548	 P	101880	188
2549	 P	101920	191
2550	 P	101960	974
2551	 P	102000	195
2552	 P	102040	209
2553	 P	102080	155
2554	 P	102120	1034
2555	 P	102160	199
2556	 P	102200	212
2557	 P	102240	126
2558	 P	102280	322
2559	 P	102320	146
2560	 P	102360	174
2561	 P	102400	11183
2562	 P	102440	577
2563	 P	102480	131
2564	 P	102520	162
2565	 P	102560	157
2566	 P	102600	630
2567	 P	102640	165
2568	 P	102680	184
2569	 P	102720	135
2570	 P	102760	676
2571	 P	102800	147
2572	 P	102840	160
2573	 P	102880	146
2574	 P	102920	670
2575	 P	102960	141
2576	 P	103000	148
2577	 P	103040	143
2578	 P	103080	696
2579	 P	103120	154
2580	 P	103160	147
2581	 P	103200	139
2582	 P	103240	744
2583	 P	103280	127
2584	 P	103320	161
2585	 P	103360	113
2586	 P	103400	719
2587	 P	103440	128
2588	 P	103480	171
2589	 P	103520	152
2590	 P	103560	251
2591	 P	103600	145
2592	 P	103640	165
2593	 P	103680	11055
2594	 P	103720	545
2595	 P	103760	124
2596	 P	103800	154
2597	 P	103840	129
2598	 P	103880	694
2599	 P	103920	175
2600	 P	103960	164
2601	 P	104000	136
2602	 P	104040	666
2603	 P	104080	127
2604	 P	104120	163
2605	 P	104160	173
2606	 P	104200	792
2607	 P	104240	176
2608	 P	104280	164
2609	 P	104320	154
2610	 P	104360	737
2611	 P	104400	149
2612	 P	104440	214
2613	 P	104480	164
2614	 P	104520	769
2615	 P	104560	186
2616	 P	104600	206
2617	 P	104640	146
2618	 P	104680	905
2619	 P	104720	168
2620	 P	104760	196
2621	 P	104800	167
2622	 P	104840	305
2623	 P	104880	162
2624	 P	104920	209
2625	 P	104960	10992
2626	 P	105000	702
2627	 P	105040	133
2628	 P	105080	204
2629	 P	105120	154
2630	 P	105160	688
2631	 P	105200	137
2632	 P	105240	209
2633	 P	105280	133
2634	 P	105320	663
2635	 P	105360	127
2636	 P	105400	147
2637	 P	105440	98
2638	 P	105480	772
2639	 P	105520	151
2640	 P	105560	157
2641	 P	105600	130
2642	 P	105640	768
2643	 P	105680	143
2644	 P	105720	230
2645	 P	105760	147
2646	 P	105800	682
2647	 P	105840	146
2648	 P	105880	186
2649	 P	105920	147
2650	 P	105960	736
2651	 P	106000	165
2652	 P	106040	185
2653	 P	106080	140
2654	 P	106120	279
2655	 P	106160	115
2656	 P	106200	109
2657	 P	106240	11574
2658	 P	106280	578
2659	 P	106320	115
2660	 P	106360	203
2661	 P	106400	115
2662	 P	106440	641
2663	 P	106480	133
2664	 P	106520	192
2665	 P	106560	160
2666	 P	106600	642
2667	 P	106640	149
2668	 P	106680	186
2669	 P	106720	134
2670	 P	106760	690
2671	 P	106800	174
2672	 P	106840	201
2673	 P	106880	183
2674	 P	106920	816
2675	 P	106960	182
2676	 P	107000	161
2677	 P	107040	136
2678	 P	107080	773
2679	 P	107120	155
2680	 P	107160	160
2681	 P	107200	174
2682	 P	107240	756
2683	 P	107280	184
2684	 P	107320	179
2685	 P	107360	126
2686	 P	107400	259
2687	 P	107440	161
2688	 P	107480	141
2689	 P	107520	10317
2690	 P	107560	345
2691	 P	107600	104
2692	 P	107640	161
2693	 P	107680	126
2694	 P	107720	353
2695	 P	107760	134
2696	 P	107800	183
2697	 P	107840	156
2698	 P	107880	267
2699	 P	107920	121
2700	 P	107960	155
2701	 P	108000	9610
2702	 P	108040	525
2703	 P	108080	139
2704	 P	108120	192
2705	 P	108160	154
2706	 P	108200	694
2707	 P	108240	181
2708	 P	108280	239
2709	 P	108320	192
2710	 P	108360	723
2711	 P	108400	208
2712	 P	108440	236
2713	 P	108480	159
2714	 P	108520	844
2715	 P	108560	175
2716	 P	108600	227
2717	 P	108640	170
2718	 P	108680	292
2719	 P	108720	160
2720	 P	108760	200
2721	 P	108800	9676
2722	 P	108840	568
2723	 P	108880	121
2724	 P	108920	210
2725	 P	108960	189
2726	 P	109000	754
2727	 P	109040	170
2728	 P	109080	236
2729	 P	109120	184
2730	 P	109160	800
2731	 P	109200	195
2732	 P	109240	219
2733	 P	109280	170
2734	 P	109320	865
2735	 P	109360	177
2736	 P	109400	210
2737	 P	109440	164
2738	 P	109480	942
2739	 P	109520	159
2740	 P	109560	216
2741	 P	109600	166
2742	 P	109640	964
2743	 P	109680	184
2744	 P	109720	217
2745	 P	109760	118
2746	 P	109800	929
2747	 P	109840	219
2748	 P	109880	196
2749	 P	109920	122
2750	 P	109960	280
2751	 P	110000	155
2752	 P	110040	171
2753	 P	110080	9657
2754	 P	110120	588
2755	 P	110160	139
2756	 P	110200	195
2757	 P	110240	164
2758	 P	110280	810
2759	 P	110320	214
2760	 P	110360	240
2761	 P	110400	167
2762	 P	110440	880
2763	 P	110480	194
2764	 P	110520	200
2765	 P	110560	174
2766	 P	110600	924
2767	 P	110640	209
2768	 P	110680	233
2769	 P	110720	150
2770	 P	110760	1013
2771	 P	110800	219
2772	 P	110840	240
2773	 P	110880	170
2774	 P	110920	1029
2775	 P	110960	204
2776	 P	111000	254
2777	 P	111040	171
2778	 P	111080	1042
2779	 P	111120	221
2780	 P	111160	205
2781	 P	111200	159
2782	 P	111240	333
2783	 P	111280	173
2784	 P	111320	196
2785	 P	111360	9896
2786	 P	111400	649
2787	 P	111440	144
2788	 P	111480	184
2789	 P	111520	147
2790	 P	111560	792
2791	 P	111600	197
2792	 P	111640	210
2793	 P	111680	152
2794	 P	111720	892
2795	 P	111760	152
2796	 P	111800	213
2797	 P	111840	140
2798	 P	111880	1057
2799	 P	111920	213
2800	 P	111960	218
2801	 P	112000	153
2802	 P	112040	900
2803	 P	112080	180
2804	 P	112120	191
2805	 P	112160	176
2806	 P	112200	938
2807	 P	112240	211
2808	 P	112280	200
2809	 P	112320	189
2810	 P	112360	995
2811	 P	112400	191
2812	 P	112440	197
2813	 P	112480	153
2814	 P	112520	292
2815	 P	112560	149
2816	 P	112600	198
2817	 P	112640	10196
2818	 P	112680	613
2819	 P	112720	113
2820	 P	112760	190
2821	 P	112800	175
2822	 P	112840	805
2823	 P	112880	170
2824	 P	112920	192
2825	 P	112960	170
2826	 P	113000	944
2827	 P	113040	185
2828	 P	113080	186
2829	 P	113120	162
2830	 P	113160	874
2831	 P	113200	160
2832	 P	113240	174
2833	 P	113280	120
2834	 P	113320	954
2835	 P	113360	174
2836	 P	113400	171
2837	 P	113440	107
2838	 P	113480	874
2839	 P	113520	159
2840	 P	113560	192
2841	 P	113600	159
2842	 P	113640	961
2843	 P	113680	160
2844	 P	113720	180
2845	 P	113760	137
2846	 P	113800	363
2847	 P	113840	150
2848	 P	113880	167
2849	 P	113920	10277
2850	 P	113960	627
2851	 P	114000	144
2852	 P	114040	185
2853	 P	114080	193
2854	 P	114120	804
2855	 P	114160	183
2856	 P	114200	220
2857	 P	114240	215
2858	 P	114280	899
2859	 P	114320	195
2860	 P	114360	257
2861	 P	114400	175
2862	 P	114440	897
2863	 P	114480	175
2864	 P	114520	210
2865	 P	114560	182
2866	 P	114600	810
2867	 P	114640	175
2868	 P	114680	172
2869	 P	114720	160
2870	 P	114760	837
2871	 P	114800	164
2872	 P	114840	139
2873	 P	114880	146
2874	 P	114920	826
2875	 P	114960	170
2876	 P	115000	168
2877	 P	115040	137
2878	 P	115080	218
2879	 P	115120	120
2880	 P	115160	132
2881	 P	115200	10968
2882	 P	115240	460
2883	 P	115280	117
2884	 P	115320	141
2885	 P	115360	132
2886	 P	115400	558
2887	 P	115440	157
2888	 P	115480	177
2889	 P	115520	114
2890	 P	115560	622
2891	 P	115600	148
2892	 P	115640	198
2893	 P	115680	195
2894	 P	115720	672
2895	 P	115760	154
2896	 P	115800	175
2897	 P	115840	159
2898	 P	115880	708
2899	 P	115920	150
2900	 P	115960	193
2901	 P	116000	129
2902	 P	116040	773
2903	 P	116080	174
2904	 P	116120	152
2905	 P	116160	152
2906	 P	116200	687
2907	 P	116240	161
2908	 P	116280	193
2909	 P	116320	167
2910	 P	116360	285
2911	 P	116400	111
2912	 P	116440	153
2913	 P	116480	10745
2914	 P	116520	519
2915	 P	116560	150
2916	 P	116600	189
2917	 P	116640	173
2918	 P	116680	711
2919	 P	116720	173
2920	 P	116760	202
2921	 P	116800	192
2922	 P	116840	821
2923	 P	116880	184
2924	 P	116920	211
2925	 P	116960	174
2926	 P	117000	932
2927	 P	117040	161
2928	 P	117080	218
2929	 P	117120	130
2930	 P	117160	753
2931	 P	117200	142
2932	 P	117240	189
2933	 P	117280	87
2934	 P	117320	758
2935	 P	117360	115
2936	 P	117400	166
2937	 P	117440	110
2938	 P	117480	816
2939	 P	117520	160
2940	 P	117560	175
2941	 P	117600	124
2942	 P	117640	255
2943	 P	117680	128
2944	 P	117720	143
2945	 P	117760	11470
2946	 P	117800	488
2947	 P	117840	115
2948	 P	117880	162
2949	 P	117920	171
2950	 P	117960	581
2951	 P	118000	144
2952	 P	118040	168
2953	 P	118080	135
2954	 P	118120	635
2955	 P	118160	125
2956	 P	118200	150
2957	 P	118240	161
2958	 P	118280	770
2959	 P	118320	155
2960	 P	118360	193
2961	 P	118400	100
2962	 P	118440	679
2963	 P	118480	137
2964	 P	118520	199
2965	 P	118560	157
2966	 P	118600	702
2967	 P	118640	145
2968	 P	118680	196
2969	 P	118720	137
2970	 P	118760	699
2971	 P	118800	177
2972	 P	118840	191
2973	 P	118880	191
2974	 P	118920	297
2975	 P	118960	160
2976	 P	119000	143
2977	 P	119040	11428
2978	 P	119080	583
2979	 P	119120	131
2980	 P	119160	167
2981	 P	119200	149
2982	 P	119240	593
2983	 P	119280	175
2984	 P	119320	166
2985	 P	119360	121
2986	 P	119400	651
2987	 P	119440	144
2988	 P	119480	174
2989	 P	119520	182
2990	 P	119560	498
2991	 P	119600	148
2992	 P	119640	184
2993	 P	119680	163
2994	 P	119720	388
2995	 P	119760	157
2996	 P	119800	156
2997	 P	119840	163
2998	 P	119880	272
2999	 P	119920	120
3000	 P	119960	132
3001	 P	120000	9503
3002	 P	120040	507
3003	 P	120080	145
3004	 P	120120	181
3005	 P	120160	158
3006	 P	120200	712
3007	 P	120240	153
3008	 P	120280	247
3009	 P	120320	172
3010	 P	120360	741
3011	 P	120400	161
3012	 P	120440	247
3013	 P	120480	150
3014	 P	120520	856
3015	 P	120560	188
3016	 P	120600	228
3017	 P	120640	160
3018	 P	120680	818
3019	 P	120720	168
3020	 P	120760	222
3021	 P	120800	183
3022	 P	120840	875
3023	 P	120880	173
3024	 P	120920	227
3025	 P	120960	176
3026	 P	121000	898
3027	 P	121040	175
3028	 P	121080	239
3029	 P	121120	160
3030	 P	121160	310
3031	 P	121200	159
3032	 P	121240	184
3033	 P	121280	9667
3034	 P	121320	658
3035	 P	121360	121
3036	 P	121400	186
3037	 P	121440	192
3038	 P	121480	810
3039	 P	121520	175
3040	 P	121560	226
3041	 P	121600	181
3042	 P	121640	921
3043	 P	121680	170
3044	 P	121720	206
3045	 P	121760	133
3046	 P	121800	824
3047	 P	121840	195
3048	 P	121880	242
3049	 P	121920	162
3050	 P	121960	799
3051	 P	122000	170
3052	 P	122040	204
3053	 P	122080	152
3054	 P	122120	863
3055	 P	122160	208
3056	 P	122200	217
3057	 P	122240	145
3058	 P	122280	902
3059	 P	122320	189
3060	 P	122360	200
3061	 P	122400	158
3062	 P	122440	393
3063	 P	122480	162
3064	 P	122520	179
3065	 P	122560	9849
3066	 P	122600	678
3067	 P	122640	114
3068	 P	122680	223
3069	 P	122720	188
3070	 P	122760	862
3071	 P	122800	218
3072	 P	122840	244
3073	 P	122880	187
3074	 P	122920	1030
3075	 P	122960	218
3076	 P	123000	246
3077	 P	123040	177
3078	 P	123080	975
3079	 P	123120	216
3080	 P	123160	222
3081	 P	123200	172
3082	 P	123240	961
3083	 P	123280	195
3084	 P	123320	236
3085	 P	123360	164
3086	 P	123400	1078
3087	 P	123440	214
3088	 P	123480	203
3089	 P	123520	140
3090	 P	123560	1013
3091	 P	123600	198
3092	 P	123640	205
3093	 P	123680	165
3094	 P	123720	323
3095	 P	123760	150
3096	 P	123800	180
3097	 P	123840	10046
3098	 P	123880	740
3099	 P	123920	142
3100	 P	123960	217
3101	 P	124000	181
3102	 P	124040	852
3103	 P	124080	194
3104	 P	124120	203
3105	 P	124160	158
3106	 P	124200	834
3107	 P	124240	191
3108	 P	124280	206
3109	 P	124320	138
3110	 P	124360	924
3111	 P	124400	172
3112	 P	124440	218
3113	 P	124480	173
3114	 P	124520	919
3115	 P	124560	181
3116	 P	124600	225
3117	 P	124640	147
3118	 P	124680	927
3119	 P	124720	198
3120	 P	124760	211
3121	 P	124800	138
3122	 P	124840	1018
3123	 P	124880	173
3124	 P	124920	187
3125	 P	124960	160
3126	 P	125000	318
3127	 P	125040	159
3128	 P	125080	162
3129	 P	125120	10169
3130	 P	125160	632
3131	 P	125200	128
3132	 P	125240	185
3133	 P	125280	139
3134	 P	125320	755
3135	 P	125360	158
3136	 P	125400	177
3137	 P	125440	161
3138	 P	125480	881
3139	 P	125520	176
3140	 P	125560	196
3141	 P	125600	170
3142	 P	125640	874
3143	 P	125680	158
3144	 P	125720	189
3145	 P	125760	172
3146	 P	125800	950
3147	 P	125840	174
3148	 P	125880	207
3149	 P	125920	197
3150	 P	125960	957
3151	 P	126000	202
3152	 P	126040	188
3153	 P	126080	149
3154	 P	126120	1052
3155	 P	126160	186
3156	 P	126200	201
3157	 P	126240	183
3158	 P	126280	328
3159	 P	126320	153
3160	 P	126360	195
3161	 P	126400	11159
3162	 P	126440	545
3163	 P	126480	133
3164	 P	126520	176
3165	 P	126560	163
3166	 P	126600	637
3167	 P	126640	150
3168	 P	126680	200
3169	 P	126720	151
3170	 P	126760	696
3171	 P	126800	154
3172	 P	126840	177
3173	 P	126880	144
3174	 P	126920	691
3175	 P	126960	139
3176	 P	127000	168
3177	 P	127040	164
3178	 P	127080	659
3179	 P	127120	145
3180	 P	127160	171
3181	 P	127200	128
3182	 P	127240	704
3183	 P	127280	111
3184	 P	127320	170
3185	 P	127360	104
3186	 P	127400	694
3187	 P	127440	139
3188	 P	127480	161
3189	 P	127520	136
3190	 P	127560	280
3191	 P	127600	173
3192	 P	127640	165
3193	 P	127680	11056
3194	 P	127720	529
3195	 P	127760	125
3196	 P	127800	146
3197	 P	127840	137
3198	 P	127880	674
3199	 P	127920	151
3200	 P	127960	179
3201	 P	128000	140
3202	 P	128040	704
3203	 P	128080	139
3204	 P	128120	158
3205	 P	128160	163
3206	 P	128200	771
3207	 P	128240	161
3208	 P	128280	164
3209	 P	128320	157
3210	 P	128360	699
3211	 P	128400	148
3212	 P	128440	192
3213	 P	128480	165
3214	 P	128520	787
3215	 P	128560	210
3216	 P	128600	233
3217	 P	128640	167
3218	 P	128680	847
3219	 P	128720	167
3220	 P	128760	203
3221	 P	128800	164
3222	 P	128840	321
3223	 P	128880	171
3224	 P	128920	187
3225	 P	128960	10866
3226	 P	129000	676
3227	 P	129040	135
3228	 P	129080	159
3229	 P	129120	156
3230	 P	129160	685
3231	 P	129200	141
3232	 P	129240	192
3233	 P	129280	125
3234	 P	129320	664
3235	 P	129360	133
3236	 P	129400	167
3237	 P	129440	110
3238	 P	129480	733
3239	 P	129520	140
3240	 P	129560	160
3241	 P	129600	160
3242	 P	129640	805
3243	 P	129680	152
3244	 P	129720	221
3245	 P	129760	154
3246	 P	129800	686
3247	 P	129840	141
3248	 P	129880	192
3249	 P	129920	146
3250	 P	129960	690
3251	 P	130000	142
3252	 P	130040	180
3253	 P	130080	138
3254	 P	130120	261
3255	 P	130160	125
3256	 P	130200	133
3257	 P	130240	11515
3258	 P	130280	549
3259	 P	130320	118
3260	 P	130360	177
3261	 P	130400	123
3262	 P	130440	665
3263	 P	130480	151
3264	 P	130520	167
3265	 P	130560	145
3266	 P	130600	676
3267	 P	130640	156
3268	 P	130680	181
3269	 P	130720	148
3270	 P	130760	651
3271	 P	130800	162
3272	 P	130840	204
3273	 P	130880	175
3274	 P	130920	818
3275	 P	130960	158
3276	 P	131000	182
3277	 P	131040	147
3278	 P	131080	769
3279	 P	131120	163
3280	 P	131160	172
3281	 P	131200	130
3282	 P	131240	753
3283	 P	131280	168
3284	 P	131320	163
3285	 P	131360	177
3286	 P	131400	214
3287	 P	131440	165
3288	 P	131480	132
3289	 P	131520	10213
3290	 P	131560	370
3291	 P	131600	114
3292	 P	131640	160
3293	 P	131680	147
3294	 P	131720	335
3295	 P	131760	113
3296	 P	131800	146
3297	 P	131840	158
3298	 P	131880	254
3299	 P	131920	125
3300	 P	131960	156
3301	 P	132000	9508
3302	 P	132040	502
3303	 P	132080	136
3304	 P	132120	179
3305	 P	132160	169
3306	 P	132200	746
3307	 P	132240	177
3308	 P	132280	227
3309	 P	132320	188
3310	 P	132360	721
3311	 P	132400	177
3312	 P	132440	240
3313	 P	132480	156
3314	 P	132520	833
3315	 P	132560	173
3316	 P	132600	238
3317	 P	132640	132
3318	 P	132680	292
3319	 P	132720	168
3320	 P	132760	213
3321	 P	132800	9723
3322	 P	132840	587
3323	 P	132880	133
3324	 P	132920	206
3325	 P	132960	178
3326	 P	133000	725
3327	 P	133040	162
3328	 P	133080	245
3329	 P	133120	154
3330	 P	133160	831
3331	 P	133200	182
3332	 P	133240	232
3333	 P	133280	147
3334	 P	133320	833
3335	 P	133360	180
3336	 P	133400	215
3337	 P	133440	176
3338	 P	133480	924
3339	 P	133520	189
3340	 P	133560	220
3341	 P	133600	178
3342	 P	133640	949
3343	 P	133680	182
3344	 P	133720	208
3345	 P	133760	161
3346	 P	133800	884
3347	 P	133840	205
3348	 P	133880	207
3349	 P	133920	140
3350	 P	133960	308
3351	 P	134000	152
3352	 P	134040	164
3353	 P	134080	9656
3354	 P	134120	547
3355	 P	134160	145
3356	 P	134200	194
3357	 P	134240	157
3358	 P	134280	789
3359	 P	134320	178
3360	 P	134360	226
3361	 P	134400	186
3362	 P	134440	929
3363	 P	134480	230
3364	 P	134520	207
3365	 P	134560	167
3366	 P	134600	909
3367	 P	134640	197
3368	 P	134680	218
3369	 P	134720	128
3370	 P	134760	963
3371	 P	134800	201
3372	 P	134840	213
3373	 P	134880	158
3374	 P	134920	1019
3375	 P	134960	216
3376	 P	135000	236
3377	 P	135040	150
3378	 P	135080	1025
3379	 P	135120	208
3380	 P	135160	198
3381	 P	135200	149
3382	 P	135240	308
3383	 P	135280	183
3384	 P	135320	201
3385	 P	135360	9904
3386	 P	135400	635
3387	 P	135440	137
3388	 P	135480	179
3389	 P	135520	141
3390	 P	135560	833
3391	 P	135600	188
3392	 P	135640	218
3393	 P	135680	157
3394	 P	135720	847
3395	 P	135760	182
3396	 P	135800	219
3397	 P	135840	184
3398	 P	135880	1035
3399	 P	135920	197
3400	 P	135960	242
3401	 P	136000	190
3402	 P	136040	967
3403	 P	136080	168
3404	 P	136120	188
3405	 P	136160	160
3406	 P	136200	918
3407	 P	136240	199
3408	 P	136280	198
3409	 P	136320	140
3410	 P	136360	1020
3411	 P	136400	184
3412	 P	136440	190
3413	 P	136480	155
3414	 P	136520	305
3415	 P	136560	148
3416	 P	136600	177
3417	 P	136640	10188
3418	 P	136680	620
3419	 P	136720	126
3420	 P	136760	192
3421	 P	136800	163
3422	 P	136840	819
3423	 P	136880	186
3424	 P	136920	203
3425	 P	136960	161
3426	 P	137000	952
3427	 P	137040	173
3428	 P	137080	177
3429	 P	137120	146
3430	 P	137160	819
3431	 P	137200	154
3432	 P	137240	185
3433	 P	137280	107
3434	 P	137320	953
3435	 P	137360	175
3436	 P	137400	157
3437	 P	137440	95
3438	 P	137480	913
3439	 P	137520	177
3440	 P	137560	197
3441	 P	137600	142
3442	 P	137640	983
3443	 P	137680	172
3444	 P	137720	192
3445	 P	137760	120
3446	 P	137800	336
3447	 P	137840	139
3448	 P	137880	169
3449	 P	137920	10260
3450	 P	137960	613
3451	 P	138000	147
3452	 P	138040	196
3453	 P	138080	200
3454	 P	138120	839
3455	 P	138160	184
3456	 P	138200	213
3457	 P	138240	211
3458	 P	138280	906
3459	 P	138320	198
3460	 P	138360	250
3461	 P	138400	180
3462	 P	138440	885
3463	 P	138480	177
3464	 P	138520	185
3465	 P	138560	187
3466	 P	138600	822
3467	 P	138640	174
3468	 P	138680	180
3469	 P	138720	161
3470	 P	138760	824
3471	 P	138800	152
3472	 P	138840	181
3473	 P	138880	142
3474	 P	138920	805
3475	 P	138960	143
3476	 P	139000	155
3477	 P	139040	147
3478	 P	139080	234
3479	 P	139120	124
3480	 P	139160	129
3481	 P	139200	10888
3482	 P	139240	460
3483	 P	139280	106
3484	 P	139320	120
3485	 P	139360	113
3486	 P	139400	567
3487	 P	139440	122
3488	 P	139480	171
3489	 P	139520	130
3490	 P	139560	631
3491	 P	139600	154
3492	 P	139640	192
3493	 P	139680	157
3494	 P	139720	689
3495	 P	139760	163
3496	 P	139800	146
3497	 P	139840	133
3498	 P	139880	682
3499	 P	139920	142
3500	 P	139960	167
3501	 P	140000	127
3502	 P	140040	797
3503	 P	140080	163
3504	 P	140120	187
3505	 P	140160	146
3506	 P	140200	737
3507	 P	140240	175
3508	 P	140280	183
3509	 P	140320	170
3510	 P	140360	279
3511	 P	140400	104
3512	 P	140440	180
3513	 P	140480	10745
3514	 P	140520	520
3515	 P	140560	153
3516	 P	140600	189
3517	 P	140640	168
3518	 P	140680	711
3519	 P	140720	174
3520	 P	140760	202
3521	 P	140800	193
3522	 P	140840	820
3523	 P	140880	179
3524	 P	140920	214
3525	 P	140960	164
3526	 P	141000	890
3527	 P	141040	166
3528	 P	141080	215
3529	 P	141120	133
3530	 P	141160	775
3531	 P	141200	142
3532	 P	141240	181
3533	 P	141280	123
3534	 P	141320	770
3535	 P	141360	129
3536	 P	141400	162
3537	 P	141440	138
3538	 P	141480	811
3539	 P	141520	141
3540	 P	141560	158
3541	 P	141600	135
3542	 P	141640	248
3543	 P	141680	116
3544	 P	141720	143
3545	 P	141760	11477
3546	 P	141800	480
3547	 P	141840	116
3548	 P	141880	163
3549	 P	141920	168
3550	 P	141960	584
3551	 P	142000	145
3552	 P	142040	169
3553	 P	142080	134
3554	 P	142120	624
3555	 P	142160	125
3556	 P	142200	154
3557	 P	142240	162
3558	 P	142280	763
3559	 P	142320	153
3560	 P	142360	201
3561	 P	142400	101
3562	 P	142440	693
3563	 P	142480	144
3564	 P	142520	198
3565	 P	142560	153
3566	 P	142600	707
3567	 P	142640	142
3568	 P	142680	190
3569	 P	142720	142
3570	 P	142760	704
3571	 P	142800	171
3572	 P	142840	193
3573	 P	142880	177
3574	 P	142920	284
3575	 P	142960	161
3576	 P	143000	141
3577	 P	143040	11338
3578	 P	143080	592
3579	 P	143120	116
3580	 P	143160	185
3581	 P	143200	141
3582	 P	143240	594
3583	 P	143280	166
3584	 P	143320	179
3585	 P	143360	148
3586	 P	143400	605
3587	 P	143440	168
3588	 P	143480	161
3589	 P	143520	174
3590	 P	143560	530
3591	 P	143600	116
3592	 P	143640	179
3593	 P	143680	159
3594	 P	143720	381
3595	 P	143760	164
3596	 P	143800	155
3597	 P	143840	170
3598	 P	143880	256
3599	 P	143920	121
3600	 P	143960	124
3601	 P	144000	9482
3602	 P	144040	509
3603	 P	144080	149
3604	 P	144120	201
3605	 P	144160	161
3606	 P	144200	706
3607	 P	144240	157
3608	 P	144280	233
3609	 P	144320	191
3610	 P	144360	746
3611	 P	144400	178
3612	 P	144440	248
3613	 P	144480	176
3614	 P	144520	816
3615	 P	144560	181
3616	 P	144600	223
3617	 P	144640	161
3618	 P	144680	831
3619	 P	144720	172
3620	 P	144760	227
3621	 P	144800	190
3622	 P	144840	839
3623	 P	144880	188
3624	 P	144920	230
3625	 P	144960	175
3626	 P	145000	906
3627	 P	145040	195
3628	 P	145080	251
3629	 P	145120	153
3630	 P	145160	320
3631	 P	145200	152
3632	 P	145240	183
3633	 P	145280	9667
3634	 P	145320	669
3635	 P	145360	129
3636	 P	145400	197
3637	 P	145440	184
3638	 P	145480	842
3639	 P	145520	173
3640	 P	145560	228
3641	 P	145600	145
3642	 P	145640	920
3643	 P	145680	176
3644	 P	145720	207
3645	 P	145760	146
3646	 P	145800	829
3647	 P	145840	177
3648	 P	145880	205
3649	 P	145920	157
3650	 P	145960	834
3651	 P	146000	174
3652	 P	146040	204
3653	 P	146080	181
3654	 P	146120	831
3655	 P	146160	188
3656	 P	146200	226
3657	 P	146240	173
3658	 P	146280	924
3659	 P	146320	216
3660	 P	146360	204
3661	 P	146400	152
3662	 P	146440	377
3663	 P	146480	190
3664	 P	146520	189
3665	 P	146560	9855
3666	 P	146600	691
3667	 P	146640	109
3668	 P	146680	212
3669	 P	146720	174
3670	 P	146760	911
3671	 P	146800	213
3672	 P	146840	218
3673	 P	146880	177
3674	 P	146920	939
3675	 P	146960	197
3676	 P	147000	226
3677	 P	147040	176
3678	 P	147080	1005
3679	 P	147120	216
3680	 P	147160	205
3681	 P	147200	157
3682	 P	147240	974
3683	 P	147280	211
3684	 P	147320	235
3685	 P	147360	177
3686	 P	147400	1114
3687	 P	147440	212
3688	 P	147480	206
3689	 P	147520	150
3690	 P	147560	967
3691	 P	147600	183
3692	 P	147640	199
3693	 P	147680	165
3694	 P	147720	341
3695	 P	147760	138
3696	 P	147800	197
3697	 P	147840	10031
3698	 P	147880	709
3699	 P	147920	133
3700	 P	147960	214
3701	 P	148000	164
3702	 P	148040	864
3703	 P	148080	182
3704	 P	148120	198
3705	 P	148160	159
3706	 P	148200	854
3707	 P	148240	195
3708	 P	148280	192
3709	 P	148320	162
3710	 P	148360	928
3711	 P	148400	184
3712	 P	148440	208
3713	 P	148480	168
3714	 P	148520	937
3715	 P	148560	178
3716	 P	148600	214
3717	 P	148640	125
3718	 P	148680	960
3719	 P	148720	171
3720	 P	148760	201
3721	 P	148800	124
3722	 P	148840	983
3723	 P	148880	174
3724	 P	148920	193
3725	 P	148960	145
3726	 P	149000	317
3727	 P	149040	137
3728	 P	149080	184
3729	 P	149120	10212
3730	 P	149160	672
3731	 P	149200	123
3732	 P	149240	188
3733	 P	149280	98
3734	 P	149320	775
3735	 P	149360	164
3736	 P	149400	179
3737	 P	149440	148
3738	 P	149480	864
3739	 P	149520	180
3740	 P	149560	200
3741	 P	149600	154
3742	 P	149640	872
3743	 P	149680	171
3744	 P	149720	184
3745	 P	149760	164
3746	 P	149800	969
3747	 P	149840	171
3748	 P	149880	190
3749	 P	149920	178
3750	 P	149960	971
3751	 P	150000	192
3752	 P	150040	196
3753	 P	150080	169
3754	 P	150120	1051
3755	 P	150160	190
3756	 P	150200	196
3757	 P	150240	137
3758	 P	150280	298
3759	 P	150320	155
3760	 P	150360	171
3761	 P	150400	11136
3762	 P	150440	540
3763	 P	150480	145
3764	 P	150520	178
3765	 P	150560	152
3766	 P	150600	695
3767	 P	150640	159
3768	 P	150680	183
3769	 P	150720	156
3770	 P	150760	699
3771	 P	150800	164
3772	 P	150840	171
3773	 P	150880	157
3774	 P	150920	709
3775	 P	150960	132
3776	 P	151000	161
3777	 P	151040	159
3778	 P	151080	676
3779	 P	151120	147
3780	 P	151160	163
3781	 P	151200	135
3782	 P	151240	715
3783	 P	151280	116
3784	 P	151320	166
3785	 P	151360	118
3786	 P	151400	709
3787	 P	151440	139
3788	 P	151480	166
3789	 P	151520	133
3790	 P	151560	269
3791	 P	151600	137
3792	 P	151640	151
3793	 P	151680	10989
3794	 P	151720	527
3795	 P	151760	133
3796	 P	151800	149
3797	 P	151840	138
3798	 P	151880	695
3799	 P	151920	171
3800	 P	151960	156
3801	 P	152000	144
3802	 P	152040	731
3803	 P	152080	129
3804	 P	152120	186
3805	 P	152160	171
3806	 P	152200	745
3807	 P	152240	187
3808	 P	152280	179
3809	 P	152320	160
3810	 P	152360	690
3811	 P	152400	141
3812	 P	152440	189
3813	 P	152480	162
3814	 P	152520	797
3815	 P	152560	190
3816	 P	152600	195
3817	 P	152640	188
3818	 P	152680	890
3819	 P	152720	181
3820	 P	152760	218
3821	 P	152800	175
3822	 P	152840	304
3823	 P	152880	204
3824	 P	152920	200
3825	 P	152960	10885
3826	 P	153000	682
3827	 P	153040	144
3828	 P	153080	198
3829	 P	153120	131
3830	 P	153160	681
3831	 P	153200	152
3832	 P	153240	191
3833	 P	153280	117
3834	 P	153320	647
3835	 P	153360	142
3836	 P	153400	151
3837	 P	153440	123
3838	 P	153480	780
3839	 P	153520	133
3840	 P	153560	178
3841	 P	153600	126
3842	 P	153640	830
3843	 P	153680	168
3844	 P	153720	240
3845	 P	153760	153
3846	 P	153800	692
3847	 P	153840	161
3848	 P	153880	205
3849	 P	153920	156
3850	 P	153960	639
3851	 P	154000	154
3852	 P	154040	166
3853	 P	154080	138
3854	 P	154120	273
3855	 P	154160	122
3856	 P	154200	131
3857	 P	154240	11474
3858	 P	154280	563
3859	 P	154320	119
3860	 P	154360	182
3861	 P	154400	122
3862	 P	154440	642
3863	 P	154480	148
3864	 P	154520	159
3865	 P	154560	132
3866	 P	154600	697
3867	 P	154640	154
3868	 P	154680	190
3869	 P	154720	140
3870	 P	154760	680
3871	 P	154800	149
3872	 P	154840	200
3873	 P	154880	180
3874	 P	154920	862
3875	 P	154960	171
3876	 P	155000	186
3877	 P	155040	186
3878	 P	155080	786
3879	 P	155120	159
3880	 P	155160	166
3881	 P	155200	130
3882	 P	155240	760
3883	 P	155280	181
3884	 P	155320	211
3885	 P	155360	145
3886	 P	155400	226
3887	 P	155440	148
3888	 P	155480	152
3889	 P	155520	10202
3890	 P	155560	336
3891	 P	155600	110
3892	 P	155640	156
3893	 P	155680	137
3894	 P	155720	368
3895	 P	155760	128
3896	 P	155800	170
3897	 P	155840	154
3898	 P	155880	245
3899	 P	155920	118
3900	 P	155960	155
3901	 P	156000	9550
3902	 P	156040	550
3903	 P	156080	129
3904	 P	156120	188
3905	 P	156160	184
3906	 P	156200	708
3907	 P	156240	157
3908	 P	156280	240
3909	 P	156320	208
3910	 P	156360	702
3911	 P	156400	199
3912	 P	156440	234
3913	 P	156480	166
3914	 P	156520	867
3915	 P	156560	213
3916	 P	156600	225
3917	 P	156640	117
3918	 P	156680	325
3919	 P	156720	159
3920	 P	156760	216
3921	 P	156800	9709
3922	 P	156840	563
3923	 P	156880	136
3924	 P	156920	216
3925	 P	156960	183
3926	 P	157000	717
3927	 P	157040	181
3928	 P	157080	236
3929	 P	157120	172
3930	 P	157160	786
3931	 P	157200	178
3932	 P	157240	197
3933	 P	157280	149
3934	 P	157320	836
3935	 P	157360	158
3936	 P	157400	213
3937	 P	157440	203
3938	 P	157480	949
3939	 P	157520	162
3940	 P	157560	229
3941	 P	157600	182
3942	 P	157640	935
3943	 P	157680	188
3944	 P	157720	218
3945	 P	157760	160
3946	 P	157800	853
3947	 P	157840	184
3948	 P	157880	201
3949	 P	157920	148
3950	 P	157960	310
3951	 P	158000	149
3952	 P	158040	180
3953	 P	158080	9696
3954	 P	158120	544
3955	 P	158160	146
3956	 P	158200	184
3957	 P	158240	171
3958	 P	158280	795
3959	 P	158320	192
3960	 P	158360	229
3961	 P	158400	197
3962	 P	158440	904
3963	 P	158480	204
3964	 P	158520	209
3965	 P	158560	185
3966	 P	158600	909
3967	 P	158640	204
3968	 P	158680	250
3969	 P	158720	133
3970	 P	158760	995
3971	 P	158800	214
3972	 P	158840	210
3973	 P	158880	156
3974	 P	158920	1057
3975	 P	158960	223
3976	 P	159000	224
3977	 P	159040	159
3978	 P	159080	961
3979	 P	159120	182
3980	 P	159160	231
3981	 P	159200	154
3982	 P	159240	308
3983	 P	159280	176
3984	 P	159320	203
3985	 P	159360	9814
3986	 P	159400	642
3987	 P	159440	133
3988	 P	159480	187
3989	 P	159520	158
3990	 P	159560	852
3991	 P	159600	163
3992	 P	159640	210
3993	 P	159680	165
3994	 P	159720	878
3995	 P	159760	192
3996	 P	159800	211
3997	 P	159840	188
3998	 P	159880	1040
3999	 P	159920	209
4000	 P	159960	228
4001	 P	160000	158
4002	 P	160040	900
4003	 P	160080	172
4004	 P	160120	202
4005	 P	160160	135
4006	 P	160200	967
4007	 P	160240	205
4008	 P	160280	220
4009	 P	160320	139
4010	 P	160360	976
4011	 P	160400	202
4012	 P	160440	212
4013	 P	160480	153
4014	 P	160520	320
4015	 P	160560	161
4016	 P	160600	189
4017	 P	160640	10172
4018	 P	160680	597
4019	 P	160720	119
4020	 P	160760	198
4021	 P	160800	157
4022	 P	160840	810
4023	 P	160880	158
4024	 P	160920	204
4025	 P	160960	149
4026	 P	161000	871
4027	 P	161040	166
4028	 P	161080	170
4029	 P	161120	164
4030	 P	161160	899
4031	 P	161200	165
4032	 P	161240	176
4033	 P	161280	115
4034	 P	161320	932
4035	 P	161360	173
4036	 P	161400	197
4037	 P	161440	159
4038	 P	161480	948
4039	 P	161520	179
4040	 P	161560	190
4041	 P	161600	115
4042	 P	161640	965
4043	 P	161680	205
4044	 P	161720	198
4045	 P	161760	146
4046	 P	161800	329
4047	 P	161840	149
4048	 P	161880	177
4049	 P	161920	10244
4050	 P	161960	605
4051	 P	162000	142
4052	 P	162040	185
4053	 P	162080	185
4054	 P	162120	817
4055	 P	162160	205
4056	 P	162200	223
4057	 P	162240	194
4058	 P	162280	840
4059	 P	162320	187
4060	 P	162360	245
4061	 P	162400	182
4062	 P	162440	946
4063	 P	162480	159
4064	 P	162520	186
4065	 P	162560	188
4066	 P	162600	769
4067	 P	162640	176
4068	 P	162680	178
4069	 P	162720	165
4070	 P	162760	772
4071	 P	162800	168
4072	 P	162840	147
4073	 P	162880	147
4074	 P	162920	838
4075	 P	162960	166
4076	 P	163000	149
4077	 P	163040	151
4078	 P	163080	217
4079	 P	163120	126
4080	 P	163160	139
4081	 P	163200	10850
4082	 P	163240	456
4083	 P	163280	112
4084	 P	163320	116
4085	 P	163360	110
4086	 P	163400	539
4087	 P	163440	148
4088	 P	163480	165
4089	 P	163520	141
4090	 P	163560	639
4091	 P	163600	147
4092	 P	163640	187
4093	 P	163680	189
4094	 P	163720	657
4095	 P	163760	147
4096	 P	163800	178
4097	 P	163840	157
4098	 P	163880	682
4099	 P	163920	138
4100	 P	163960	174
4101	 P	164000	131
4102	 P	164040	741
4103	 P	164080	154
4104	 P	164120	197
4105	 P	164160	165
4106	 P	164200	701
4107	 P	164240	163
4108	 P	164280	196
4109	 P	164320	148
4110	 P	164360	287
4111	 P	164400	138
4112	 P	164440	161
4113	 P	164480	10692
4114	 P	164520	554
4115	 P	164560	165
4116	 P	164600	173
4117	 P	164640	156
4118	 P	164680	720
4119	 P	164720	175
4120	 P	164760	204
4121	 P	164800	185
4122	 P	164840	860
4123	 P	164880	194
4124	 P	164920	210
4125	 P	164960	169
4126	 P	165000	956
4127	 P	165040	170
4128	 P	165080	209
4129	 P	165120	124
4130	 P	165160	814
4131	 P	165200	143
4132	 P	165240	177
4133	 P	165280	130
4134	 P	165320	716
4135	 P	165360	132
4136	 P	165400	157
4137	 P	165440	105
4138	 P	165480	746
4139	 P	165520	133
4140	 P	165560	168
4141	 P	165600	135
4142	 P	165640	258
4143	 P	165680	157
4144	 P	165720	155
4145	 P	165760	11534
4146	 P	165800	479
4147	 P	165840	105
4148	 P	165880	162
4149	 P	165920	134
4150	 P	165960	554
4151	 P	166000	136
4152	 P	166040	175
4153	 P	166080	109
4154	 P	166120	593
4155	 P	166160	110
4156	 P	166200	155
4157	 P	166240	139
4158	 P	166280	761
4159	 P	166320	159
4160	 P	166360	195
4161	 P	166400	139
4162	 P	166440	790
4163	 P	166480	165
4164	 P	166520	194
4165	 P	166560	150
4166	 P	166600	709
4167	 P	166640	152
4168	 P	166680	203
4169	 P	166720	141
4170	 P	166760	674
4171	 P	166800	163
4172	 P	166840	191
4173	 P	166880	185
4174	 P	166920	273
4175	 P	166960	146
4176	 P	167000	180
4177	 P	167040	11402
4178	 P	167080	592
4179	 P	167120	121
4180	 P	167160	158
4181	 P	167200	131
4182	 P	167240	616
4183	 P	167280	147
4184	 P	167320	169
4185	 P	167360	147
4186	 P	167400	628
4187	 P	167440	159
4188	 P	167480	167
4189	 P	167520	152
4190	 P	167560	464
4191	 P	167600	162
4192	 P	167640	185
4193	 P	167680	147
4194	 P	167720	342
4195	 P	167760	148
4196	 P	167800	156
4197	 P	167840	167
4198	 P	167880	257
4199	 P	167920	130
4200	 P	167960	159
4201	 P	168000	9558
4202	 P	168040	507
4203	 P	168080	140
4204	 P	168120	167
4205	 P	168160	191
4206	 P	168200	709
4207	 P	168240	158
4208	 P	168280	234
4209	 P	168320	194
4210	 P	168360	734
4211	 P	168400	172
4212	 P	168440	220
4213	 P	168480	176
4214	 P	168520	785
4215	 P	168560	183
4216	 P	168600	231
4217	 P	168640	124
4218	 P	168680	811
4219	 P	168720	184
4220	 P	168760	219
4221	 P	168800	186
4222	 P	168840	835
4223	 P	168880	177
4224	 P	168920	221
4225	 P	168960	149
4226	 P	169000	870
4227	 P	169040	210
4228	 P	169080	221
4229	 P	169120	147
4230	 P	169160	304
4231	 P	169200	170
4232	 P	169240	190
4233	 P	169280	9694
4234	 P	169320	667
4235	 P	169360	108
4236	 P	169400	198
4237	 P	169440	179
4238	 P	169480	871
4239	 P	169520	160
4240	 P	169560	224
4241	 P	169600	147
4242	 P	169640	860
4243	 P	169680	186
4244	 P	169720	208
4245	 P	169760	142
4246	 P	169800	828
4247	 P	169840	185
4248	 P	169880	213
4249	 P	169920	145
4250	 P	169960	833
4251	 P	170000	176
4252	 P	170040	209
4253	 P	170080	167
4254	 P	170120	833
4255	 P	170160	185
4256	 P	170200	222
4257	 P	170240	149
4258	 P	170280	985
4259	 P	170320	227
4260	 P	170360	221
4261	 P	170400	158
4262	 P	170440	387
4263	 P	170480	188
4264	 P	170520	188
4265	 P	170560	9880
4266	 P	170600	675
4267	 P	170640	120
4268	 P	170680	213
4269	 P	170720	177
4270	 P	170760	906
4271	 P	170800	214
4272	 P	170840	226
4273	 P	170880	171
4274	 P	170920	980
4275	 P	170960	196
4276	 P	171000	219
4277	 P	171040	169
4278	 P	171080	1006
4279	 P	171120	204
4280	 P	171160	221
4281	 P	171200	156
4282	 P	171240	946
4283	 P	171280	212
4284	 P	171320	245
4285	 P	171360	132
4286	 P	171400	1101
4287	 P	171440	199
4288	 P	171480	185
4289	 P	171520	135
4290	 P	171560	959
4291	 P	171600	187
4292	 P	171640	213
4293	 P	171680	149
4294	 P	171720	301
4295	 P	171760	148
4296	 P	171800	186
4297	 P	171840	9994
4298	 P	171880	719
4299	 P	171920	137
4300	 P	171960	221
4301	 P	172000	185
4302	 P	172040	830
4303	 P	172080	180
4304	 P	172120	208
4305	 P	172160	158
4306	 P	172200	849
4307	 P	172240	182
4308	 P	172280	199
4309	 P	172320	157
4310	 P	172360	928
4311	 P	172400	181
4312	 P	172440	209
4313	 P	172480	144
4314	 P	172520	917
4315	 P	172560	187
4316	 P	172600	213
4317	 P	172640	136
4318	 P	172680	935
4319	 P	172720	191
4320	 P	172760	174
4321	 P	172800	125
4322	 P	172840	979
4323	 P	172880	175
4324	 P	172920	178
4325	 P	172960	88
4326	 P	173000	307
4327	 P	173040	144
4328	 P	173080	174
4329	 P	173120	10226
4330	 P	173160	659
4331	 P	173200	127
4332	 P	173240	169
4333	 P	173280	113
4334	 P	173320	772
4335	 P	173360	151
4336	 P	173400	194
4337	 P	173440	162
4338	 P	173480	856
4339	 P	173520	162
4340	 P	173560	200
4341	 P	173600	163
4342	 P	173640	875
4343	 P	173680	169
4344	 P	173720	179
4345	 P	173760	173
4346	 P	173800	985
4347	 P	173840	168
4348	 P	173880	172
4349	 P	173920	162
4350	 P	173960	907
4351	 P	174000	191
4352	 P	174040	206
4353	 P	174080	115
4354	 P	174120	1032
4355	 P	174160	192
4356	 P	174200	206
4357	 P	174240	133
4358	 P	174280	297
4359	 P	174320	151
4360	 P	174360	186
4361	 P	174400	11129
4362	 P	174440	564
4363	 P	174480	136
4364	 P	174520	163
4365	 P	174560	148
4366	 P	174600	635
4367	 P	174640	171
4368	 P	174680	200
4369	 P	174720	161
4370	 P	174760	694
4371	 P	174800	172
4372	 P	174840	164
4373	 P	174880	135
4374	 P	174920	715
4375	 P	174960	121
4376	 P	175000	156
4377	 P	175040	159
4378	 P	175080	630
4379	 P	175120	155
4380	 P	175160	159
4381	 P	175200	149
4382	 P	175240	705
4383	 P	175280	112
4384	 P	175320	153
4385	 P	175360	98
4386	 P	175400	705
4387	 P	175440	145
4388	 P	175480	182
4389	 P	175520	143
4390	 P	175560	278
4391	 P	175600	149
4392	 P	175640	156
4393	 P	175680	10995
4394	 P	175720	535
4395	 P	175760	122
4396	 P	175800	157
4397	 P	175840	136
4398	 P	175880	687
4399	 P	175920	161
4400	 P	175960	153
4401	 P	176000	151
4402	 P	176040	708
4403	 P	176080	131
4404	 P	176120	173
4405	 P	176160	166
4406	 P	176200	740
4407	 P	176240	177
4408	 P	176280	173
4409	 P	176320	174
4410	 P	176360	712
4411	 P	176400	158
4412	 P	176440	186
4413	 P	176480	175
4414	 P	176520	749
4415	 P	176560	191
4416	 P	176600	198
4417	 P	176640	190
4418	 P	176680	902
4419	 P	176720	177
4420	 P	176760	223
4421	 P	176800	172
4422	 P	176840	301
4423	 P	176880	197
4424	 P	176920	196
4425	 P	176960	10839
4426	 P	177000	669
4427	 P	177040	138
4428	 P	177080	190
4429	 P	177120	125
4430	 P	177160	674
4431	 P	177200	163
4432	 P	177240	180
4433	 P	177280	120
4434	 P	177320	660
4435	 P	177360	115
4436	 P	177400	146
4437	 P	177440	127
4438	 P	177480	737
4439	 P	177520	136
4440	 P	177560	175
4441	 P	177600	148
4442	 P	177640	823
4443	 P	177680	141
4444	 P	177720	234
4445	 P	177760	150
4446	 P	177800	736
4447	 P	177840	182
4448	 P	177880	197
4449	 P	177920	137
4450	 P	177960	672
4451	 P	178000	162
4452	 P	178040	186
4453	 P	178080	127
4454	 P	178120	273
4455	 P	178160	108
4456	 P	178200	163
4457	 P	178240	11453
4458	 P	178280	548
4459	 P	178320	130
4460	 P	178360	171
4461	 P	178400	118
4462	 P	178440	646
4463	 P	178480	141
4464	 P	178520	163
4465	 P	178560	154
4466	 P	178600	668
4467	 P	178640	136
4468	 P	178680	196
4469	 P	178720	143
4470	 P	178760	676
4471	 P	178800	158
4472	 P	178840	196
4473	 P	178880	161
4474	 P	178920	819
4475	 P	178960	166
4476	 P	179000	180
4477	 P	179040	165
4478	 P	179080	770
4479	 P	179120	159
4480	 P	179160	171
4481	 P	179200	137
4482	 P	179240	748
4483	 P	179280	175
4484	 P	179320	201
4485	 P	179360	155
4486	 P	179400	223
4487	 P	179440	148
4488	 P	179480	127
4489	 P	179520	10202
4490	 P	179560	336
4491	 P	179600	111
4492	 P	179640	156
4493	 P	179680	137
4494	 P	179720	368
4495	 P	179760	128
4496	 P	179800	170
4497	 P	179840	154
4498	 P	179880	245
4499	 P	179920	118
4500	 P	179960	155
4501	 P	180000	9520
4502	 P	180040	507
4503	 P	180080	122
4504	 P	180120	193
4505	 P	180160	169
4506	 P	180200	744
4507	 P	180240	185
4508	 P	180280	236
4509	 P	180320	200
4510	 P	180360	756
4511	 P	180400	197
4512	 P	180440	229
4513	 P	180480	145
4514	 P	180520	831
4515	 P	180560	189
4516	 P	180600	204
4517	 P	180640	180
4518	 P	180680	289
4519	 P	180720	154
4520	 P	180760	213
4521	 P	180800	9611
4522	 P	180840	573
4523	 P	180880	119
4524	 P	180920	196
4525	 P	180960	188
4526	 P	181000	780
4527	 P	181040	176
4528	 P	181080	222
4529	 P	181120	154
4530	 P	181160	806
4531	 P	181200	177
4532	 P	181240	224
4533	 P	181280	164
4534	 P	181320	835
4535	 P	181360	171
4536	 P	181400	229
4537	 P	181440	197
4538	 P	181480	944
4539	 P	181520	183
4540	 P	181560	221
4541	 P	181600	170
4542	 P	181640	974
4543	 P	181680	167
4544	 P	181720	213
4545	 P	181760	174
4546	 P	181800	860
4547	 P	181840	196
4548	 P	181880	201
4549	 P	181920	156
4550	 P	181960	301
4551	 P	182000	128
4552	 P	182040	195
4553	 P	182080	9696
4554	 P	182120	548
4555	 P	182160	144
4556	 P	182200	185
4557	 P	182240	171
4558	 P	182280	798
4559	 P	182320	195
4560	 P	182360	233
4561	 P	182400	197
4562	 P	182440	902
4563	 P	182480	207
4564	 P	182520	212
4565	 P	182560	190
4566	 P	182600	905
4567	 P	182640	209
4568	 P	182680	228
4569	 P	182720	135
4570	 P	182760	974
4571	 P	182800	219
4572	 P	182840	214
4573	 P	182880	158
4574	 P	182920	1026
4575	 P	182960	220
4576	 P	183000	246
4577	 P	183040	170
4578	 P	183080	945
4579	 P	183120	185
4580	 P	183160	220
4581	 P	183200	154
4582	 P	183240	310
4583	 P	183280	180
4584	 P	183320	206
4585	 P	183360	9814
4586	 P	183400	640
4587	 P	183440	132
4588	 P	183480	190
4589	 P	183520	156
4590	 P	183560	843
4591	 P	183600	177
4592	 P	183640	209
4593	 P	183680	159
4594	 P	183720	899
4595	 P	183760	175
4596	 P	183800	225
4597	 P	183840	177
4598	 P	183880	999
4599	 P	183920	205
4600	 P	183960	217
4601	 P	184000	168
4602	 P	184040	957
4603	 P	184080	186
4604	 P	184120	211
4605	 P	184160	158
4606	 P	184200	980
4607	 P	184240	200
4608	 P	184280	223
4609	 P	184320	132
4610	 P	184360	994
4611	 P	184400	207
4612	 P	184440	188
4613	 P	184480	156
4614	 P	184520	311
4615	 P	184560	148
4616	 P	184600	174
4617	 P	184640	10121
4618	 P	184680	591
4619	 P	184720	109
4620	 P	184760	191
4621	 P	184800	151
4622	 P	184840	779
4623	 P	184880	168
4624	 P	184920	203
4625	 P	184960	146
4626	 P	185000	936
4627	 P	185040	163
4628	 P	185080	183
4629	 P	185120	176
4630	 P	185160	919
4631	 P	185200	153
4632	 P	185240	177
4633	 P	185280	112
4634	 P	185320	915
4635	 P	185360	166
4636	 P	185400	187
4637	 P	185440	148
4638	 P	185480	952
4639	 P	185520	185
4640	 P	185560	200
4641	 P	185600	101
4642	 P	185640	982
4643	 P	185680	179
4644	 P	185720	191
4645	 P	185760	163
4646	 P	185800	325
4647	 P	185840	144
4648	 P	185880	157
4649	 P	185920	10244
4650	 P	185960	605
4651	 P	186000	141
4652	 P	186040	185
4653	 P	186080	185
4654	 P	186120	830
4655	 P	186160	218
4656	 P	186200	237
4657	 P	186240	195
4658	 P	186280	881
4659	 P	186320	189
4660	 P	186360	240
4661	 P	186400	171
4662	 P	186440	886
4663	 P	186480	163
4664	 P	186520	203
4665	 P	186560	175
4666	 P	186600	812
4667	 P	186640	173
4668	 P	186680	174
4669	 P	186720	109
4670	 P	186760	800
4671	 P	186800	148
4672	 P	186840	138
4673	 P	186880	147
4674	 P	186920	748
4675	 P	186960	111
4676	 P	187000	159
4677	 P	187040	158
4678	 P	187080	227
4679	 P	187120	132
4680	 P	187160	133
4681	 P	187200	10850
4682	 P	187240	458
4683	 P	187280	112
4684	 P	187320	117
4685	 P	187360	110
4686	 P	187400	538
4687	 P	187440	138
4688	 P	187480	151
4689	 P	187520	144
4690	 P	187560	654
4691	 P	187600	142
4692	 P	187640	175
4693	 P	187680	176
4694	 P	187720	641
4695	 P	187760	156
4696	 P	187800	165
4697	 P	187840	145
4698	 P	187880	721
4699	 P	187920	159
4700	 P	187960	191
4701	 P	188000	141
4702	 P	188040	769
4703	 P	188080	153
4704	 P	188120	193
4705	 P	188160	163
4706	 P	188200	737
4707	 P	188240	166
4708	 P	188280	167
4709	 P	188320	131
4710	 P	188360	256
4711	 P	188400	100
4712	 P	188440	150
4713	 P	188480	10693
4714	 P	188520	573
4715	 P	188560	165
4716	 P	188600	194
4717	 P	188640	166
4718	 P	188680	702
4719	 P	188720	176
4720	 P	188760	206
4721	 P	188800	201
4722	 P	188840	841
4723	 P	188880	176
4724	 P	188920	200
4725	 P	188960	178
4726	 P	189000	908
4727	 P	189040	161
4728	 P	189080	204
4729	 P	189120	118
4730	 P	189160	779
4731	 P	189200	148
4732	 P	189240	182
4733	 P	189280	150
4734	 P	189320	732
4735	 P	189360	138
4736	 P	189400	145
4737	 P	189440	122
4738	 P	189480	812
4739	 P	189520	140
4740	 P	189560	175
4741	 P	189600	122
4742	 P	189640	258
4743	 P	189680	118
4744	 P	189720	166
4745	 P	189760	11522
4746	 P	189800	455
4747	 P	189840	96
4748	 P	189880	162
4749	 P	189920	138
4750	 P	189960	565
4751	 P	190000	116
4752	 P	190040	153
4753	 P	190080	125
4754	 P	190120	608
4755	 P	190160	101
4756	 P	190200	118
4757	 P	190240	157
4758	 P	190280	766
4759	 P	190320	163
4760	 P	190360	192
4761	 P	190400	125
4762	 P	190440	744
4763	 P	190480	154
4764	 P	190520	191
4765	 P	190560	146
4766	 P	190600	697
4767	 P	190640	171
4768	 P	190680	213
4769	 P	190720	152
4770	 P	190760	683
4771	 P	190800	171
4772	 P	190840	178
4773	 P	190880	183
4774	 P	190920	305
4775	 P	190960	157
4776	 P	191000	173
4777	 P	191040	11402
4778	 P	191080	592
4779	 P	191120	121
4780	 P	191160	158
4781	 P	191200	131
4782	 P	191240	616
4783	 P	191280	147
4784	 P	191320	169
4785	 P	191360	147
4786	 P	191400	628
4787	 P	191440	159
4788	 P	191480	167
4789	 P	191520	152
4790	 P	191560	464
4791	 P	191600	162
4792	 P	191640	185
4793	 P	191680	147
4794	 P	191720	342
4795	 P	191760	148
4796	 P	191800	156
4797	 P	191840	167
4798	 P	191880	257
4799	 P	191920	130
4800	 P	191960	159
4801	 P	192000	9558
4802	 P	192040	507
4803	 P	192080	140
4804	 P	192120	167
4805	 P	192160	191
4806	 P	192200	709
4807	 P	192240	158
4808	 P	192280	234
4809	 P	192320	194
4810	 P	192360	734
4811	 P	192400	168
4812	 P	192440	220
4813	 P	192480	176
4814	 P	192520	789
4815	 P	192560	185
4816	 P	192600	231
4817	 P	192640	124
4818	 P	192680	810
4819	 P	192720	185
4820	 P	192760	219
4821	 P	192800	182
4822	 P	192840	846
4823	 P	192880	175
4824	 P	192920	219
4825	 P	192960	149
4826	 P	193000	877
4827	 P	193040	195
4828	 P	193080	218
4829	 P	193120	146
4830	 P	193160	299
4831	 P	193200	162
4832	 P	193240	193
4833	 P	193280	9696
4834	 P	193320	670
4835	 P	193360	106
4836	 P	193400	196
4837	 P	193440	179
4838	 P	193480	869
4839	 P	193520	152
4840	 P	193560	222
4841	 P	193600	146
4842	 P	193640	859
4843	 P	193680	186
4844	 P	193720	203
4845	 P	193760	142
4846	 P	193800	835
4847	 P	193840	182
4848	 P	193880	210
4849	 P	193920	142
4850	 P	193960	844
4851	 P	194000	179
4852	 P	194040	206
4853	 P	194080	169
4854	 P	194120	854
4855	 P	194160	174
4856	 P	194200	226
4857	 P	194240	138
4858	 P	194280	963
4859	 P	194320	215
4860	 P	194360	206
4861	 P	194400	173
4862	 P	194440	366
4863	 P	194480	184
4864	 P	194520	173
4865	 P	194560	9871
4866	 P	194600	676
4867	 P	194640	117
4868	 P	194680	210
4869	 P	194720	167
4870	 P	194760	914
4871	 P	194800	214
4872	 P	194840	224
4873	 P	194880	171
4874	 P	194920	953
4875	 P	194960	204
4876	 P	195000	224
4877	 P	195040	184
4878	 P	195080	1012
4879	 P	195120	201
4880	 P	195160	225
4881	 P	195200	160
4882	 P	195240	924
4883	 P	195280	215
4884	 P	195320	240
4885	 P	195360	141
4886	 P	195400	1118
4887	 P	195440	208
4888	 P	195480	185
4889	 P	195520	143
4890	 P	195560	931
4891	 P	195600	184
4892	 P	195640	218
4893	 P	195680	150
4894	 P	195720	291
4895	 P	195760	128
4896	 P	195800	193
4897	 P	195840	9994
4898	 P	195880	719
4899	 P	195920	137
4900	 P	195960	221
4901	 P	196000	185
4902	 P	196040	830
4903	 P	196080	191
4904	 P	196120	208
4905	 P	196160	158
4906	 P	196200	849
4907	 P	196240	182
4908	 P	196280	203
4909	 P	196320	166
4910	 P	196360	927
4911	 P	196400	188
4912	 P	196440	194
4913	 P	196480	144
4914	 P	196520	939
4915	 P	196560	177
4916	 P	196600	217
4917	 P	196640	132
4918	 P	196680	970
4919	 P	196720	199
4920	 P	196760	197
4921	 P	196800	128
4922	 P	196840	967
4923	 P	196880	180
4924	 P	196920	179
4925	 P	196960	97
4926	 P	197000	292
4927	 P	197040	150
4928	 P	197080	186
4929	 P	197120	10226
4930	 P	197160	659
4931	 P	197200	127
4932	 P	197240	169
4933	 P	197280	113
4934	 P	197320	772
4935	 P	197360	151
4936	 P	197400	194
4937	 P	197440	162
4938	 P	197480	856
4939	 P	197520	162
4940	 P	197560	200
4941	 P	197600	163
4942	 P	197640	875
4943	 P	197680	169
4944	 P	197720	179
4945	 P	197760	173
4946	 P	197800	984
4947	 P	197840	174
4948	 P	197880	176
4949	 P	197920	166
4950	 P	197960	930
4951	 P	198000	182
4952	 P	198040	186
4953	 P	198080	165
4954	 P	198120	1049
4955	 P	198160	191
4956	 P	198200	218
4957	 P	198240	159
4958	 P	198280	310
4959	 P	198320	137
4960	 P	198360	170
4961	 P	198400	11129
4962	 P	198440	563
4963	 P	198480	135
4964	 P	198520	162
4965	 P	198560	148
4966	 P	198600	635
4967	 P	198640	171
4968	 P	198680	200
4969	 P	198720	148
4970	 P	198760	697
4971	 P	198800	171
4972	 P	198840	163
4973	 P	198880	135
4974	 P	198920	668
4975	 P	198960	126
4976	 P	199000	156
4977	 P	199040	143
4978	 P	199080	592
4979	 P	199120	136
4980	 P	199160	163
4981	 P	199200	140
4982	 P	199240	579
4983	 P	199280	117
4984	 P	199320	143
4985	 P	199360	110
4986	 P	199400	554
4987	 P	199440	154
4988	 P	199480	165
4989	 P	199520	127
4990	 P	199560	246
4991	 P	199600	153
4992	 P	199640	166
4993	 P	199680	7810
4994	 P	199720	258
4995	 P	199760	95
4996	 P	199800	145
4997	 P	199840	149
4998	 P	199880	268
4999	 P	199920	146
5000	 P	199960	161
	 		
